19.410506
14.673149
14.85836
14.391365
14.787293
15.050986
14.924399
14.801609
15.296395
15.104283
14.767286
14.561571
14.627922
18.577604
21.183147
20.707263
21.855314
21.620251
29.564151
29.445565
25.056675
21.176108
27.619492
28.965107
41.988187
15.90277
14.565567
15.170644
14.870626
14.524448
14.987458
14.653416
14.718099
14.81312
14.689212
14.672524
14.627686
14.963469
14.595139
14.803659
14.516572
14.53013
15.330592
17.323191
17.957323
14.58626
14.779235
14.960237
14.757437
14.995312
14.184311
14.725806
15.607597
14.848991
14.779684
14.962596
14.822881
14.518254
15.079537
14.64425
15.277438
14.823921
14.595593
14.736513
14.745874
14.914349
15.208473
14.701907
14.961296
15.333084
14.255439
14.902543
15.093457
15.064204
14.666256
16.904889
14.526685
14.531629
14.53317
14.707995
14.109106
14.933496
15.028457
14.56565
14.782646
15.099042
19.809639
14.504325
14.474758
15.246353
14.873953
15.065648
14.758157
14.46576
14.890715
14.572975
14.906851
14.813255
15.090161
15.591678
14.580313
14.863025
14.962756
19.798551
14.60549
15.021752
14.645287
15.070827
14.926838
14.962289
15.134314
14.754661
15.013582
15.273179
14.847166
16.78196
15.477815
14.908925
15.026032
14.721829
15.435849
15.030321
14.543768
14.695636
14.835769
14.972658
14.690076
14.567526
15.458321
14.851173
14.821045
15.168053
14.977029
14.902647
15.140802
15.028177
14.671365
15.034683
14.709043
15.150015
15.015395
14.800282
15.078068
14.928848
14.929434
15.011195
16.147592
16.43223
15.071577
14.564928
14.738924
14.935457
14.548989
14.735787
14.98245
15.007652
14.562769
15.067593
15.166583
16.299271
15.17796
15.032722
14.762305
15.400306
14.887782
14.389179
15.103807
14.921592
14.850122
15.168765
14.667242
15.456341
14.738346
14.989263
15.000071
14.974491
14.955072
14.632003
15.087769
15.271612
18.829551
15.280428
14.472364
14.923331
15.300112
15.146117
14.815951
14.546082
18.70978
14.707757
15.066652
14.983446
14.5447
15.474759
15.091359
14.797749
15.883294
15.322626
15.042975
15.056863
14.873786
15.059783
15.077938
15.471473
14.786673
15.139559
15.213213
15.096803
15.012115
15.084882
14.770348
15.239951
15.245331
15.068276
15.207538
14.739567
14.167044
14.876676
15.185152
14.944996
15.201844
14.991216
15.299907
18.764502
14.982546
15.169767
15.031864
15.105584
15.313082
14.856685
15.025812
15.261553
15.034189
14.480018
15.008669
14.60588
14.940216
15.388591
20.585577
18.765881
20.20911
14.958732
18.335545
24.149929
20.279051
17.475634
15.031177
15.271194
15.006121
14.87234
15.276805
15.264435
14.413308
16.151178
21.097156
19.796823
19.40379
20.841229
25.281232
19.635173
17.524512
17.691638
21.92224
18.741905
14.5845
19.840069
16.155717
15.587691
19.70371
20.083621
18.953633
17.117971
16.586657
17.289183
18.906629
22.150799
19.560682
23.928195
31.50546
22.150924
20.896914
17.353267
17.881962
22.458343
20.97153
23.255827
17.695481
15.503751
24.111917
19.101998
17.810186
17.306237
22.865566
18.970783
19.714565
19.137546
17.814939
21.040125
17.878027
20.128323
21.251773
18.921457
16.2159
20.989123
18.897486
26.906867
21.027223
21.625757
21.918508
13.878526
16.965465
20.891316
21.134663
17.02513
29.054063
28.489774
25.324746
22.308415
16.763762
19.632527
16.000623
15.002279
16.354127
28.481393
16.248944
17.790392
19.312439
24.877063
23.065692
22.056382
19.540827
15.230054
15.528572
15.293537
23.66436
15.184357
15.954303
15.203253
17.055056
16.862658
16.755337
16.472724
14.404807
15.373516
15.21844
15.049632
15.058857
16.786604
14.825794
15.193005
21.165311
14.400108
15.601453
15.009758
15.204535
15.372422
14.847945
14.728628
15.428768
17.032891
16.010173
16.660808
20.211466
14.754259
14.970239
15.123971
16.650765
14.733326
21.913888
22.327023
14.658128
15.461163
14.608084
14.707644
17.19755
15.099551
15.023066
14.956226
15.189823
14.593005
14.651154
14.937456
15.581215
14.798937
15.598806
14.982984
15.026294
14.871734
14.98067
15.397658
15.186903
19.570373
14.86854
15.069249
14.586765
15.092241
15.063195
15.192619
16.967255
14.437173
14.415247
15.104169
14.872381
14.537417
14.204792
14.885969
14.848698
14.481262
16.548271
20.818594
18.858473
14.428887
14.951469
14.532438
18.400964
22.813846
22.805738
20.155437
14.850946
14.709973
15.011219
14.774508
15.455844
14.809271
15.072072
14.996619
14.818693
15.672239
14.580708
15.244566
15.115482
14.732235
14.816978
15.703132
16.470108
14.917867
15.249319
19.263791
14.940755
14.817743
14.932155
14.691606
14.276647
14.890219
14.960439
14.721461
15.036531
14.66397
15.006902
15.32995
15.175119
14.595539
14.39515
14.57465
17.109658
15.302196
14.951935
14.714896
14.459982
15.126947
14.653723
14.887447
14.765734
18.730471
21.302707
14.536891
15.023891
14.686652
15.177591
15.01819
16.881452
15.857692
15.958691
15.312959
15.176524
15.415013
15.326212
19.891359
14.98758
14.814618
21.053893
16.733153
21.705161
18.955314
21.676975
23.185714
15.972445
18.312777
18.618181
20.276504
23.440609
18.935499
14.915494
17.237887
20.242834
15.704857
17.779141
17.065376
16.606866
16.435552
16.552265
17.852058
24.068969
30.958812
16.696236
29.064014
16.70537
21.10706
19.343352
21.464428
20.707511
18.923272
16.203427
23.443471
16.75685
24.040425
22.901564
20.932579
17.222169
22.169944
19.829164
15.895969
16.795121
15.436827
14.78525
18.428877
17.297967
15.607532
15.475403
15.134472
15.558578
14.28132
15.457745
14.481166
15.35817
14.190438
16.634976
16.904404
15.469998
15.085561
14.85814
19.068861
15.210045
18.829877
17.529587
17.475454
22.753284
14.435024
18.735783
18.3292
20.01974
18.324408
19.915041
18.732258
18.955541
18.627712
19.772334
14.964928
17.322132
15.610666
15.620342
20.210572
18.20999
16.005209
14.840382
15.140988
18.410168
18.972229
20.322524
15.820858
17.725025
18.949914
17.595974
17.538379
15.670915
22.926254
22.742114
19.21764
15.018361
15.000217
14.866029
14.374471
14.902981
18.011613
21.169002
18.312877
20.017078
18.798033
14.951974
14.282768
15.972841
15.184039
18.574874
15.625279
18.463646
16.097528
15.274026
17.542396
18.115251
15.506322
14.835217
14.497285
14.72838
14.829213
18.788575
33.714188
37.61261
33.737912
39.42267
16.542153
38.429542
34.056254
23.057303
42.526422
23.407402
31.259464
36.958519
15.971491
36.177915
30.535935
24.058733
14.740516
14.26143
14.904606
14.534105
14.569131
16.489879
14.733123
14.903107
15.01832
14.536357
15.391198
15.157538
14.588975
14.7581
14.662689
15.255804
14.889142
14.689932
14.997506
18.996038
18.588021
22.354492
24.583624
24.034277
19.756351
23.720692
14.610071
14.784998
15.589431
14.810414
15.070114
14.566885
15.066041
14.96523
17.153985
14.548497
14.877457
17.695683
14.908341
14.834096
15.469303
14.901293
14.254682
14.608821
14.812594
14.676782
14.658985
14.866898
15.075839
14.789679
14.900953
15.028699
15.085483
14.249622
14.535927
15.084286
14.724983
14.85779
15.504389
14.435995
14.884035
14.837913
15.290112
16.36837
16.546408
15.267642
14.83503
14.835699
14.672708
14.81054
14.534148
14.700888
14.747243
14.492016
14.434775
15.376867
14.588838
14.627217
15.071907
14.843617
15.142647
14.821831
15.003675
14.62045
17.746929
14.856529
14.743464
14.787261
14.963733
14.795348
15.088886
14.898111
14.773055
15.077363
14.792618
14.833537
14.373768
14.921921
14.97516
14.866582
14.463109
15.082993
14.884943
15.325259
14.970515
15.312279
15.792827
15.255681
14.94912
15.143362
18.578456
15.044973
14.878669
14.787246
14.359686
14.910547
14.88452
17.186235
14.881548
14.553745
15.055103
14.618165
15.268584
14.589587
14.869249
15.193456
14.701474
15.205811
14.807084
14.868255
14.965189
15.053038
15.190253
14.494748
15.018377
14.815012
18.563544
15.184878
14.544497
15.105362
14.800221
15.096139
15.039105
14.900541
15.066785
17.846128
15.09769
15.192268
15.123521
14.860755
15.011136
14.936002
15.17401
15.192213
14.548454
15.04356
15.349787
15.262392
14.805394
14.858366
14.689843
14.989207
15.221494
15.098513
14.785454
15.08654
15.102066
15.061753
14.746229
15.477746
14.970514
14.712229
14.582713
14.844029
14.807827
15.085506
14.604958
14.644902
15.057928
19.354463
15.044121
15.108143
15.075381
15.122958
15.015366
15.07834
14.425978
15.368396
15.133674
14.164055
14.891788
15.414931
14.909715
14.905185
15.445714
14.647152
15.130075
14.73414
15.151999
15.044575
18.061208
14.742093
15.063905
15.023192
14.991717
16.909412
15.169818
14.746297
14.909415
15.002022
14.893435
15.037349
15.123156
14.833809
14.973097
14.537318
14.722434
14.897266
15.028521
15.065145
15.168154
15.07274
15.897698
15.027477
15.000035
15.145401
15.011077
15.10903
14.719969
15.172044
15.106342
19.905137
15.532507
14.966927
15.214848
15.517555
15.249754
15.233334
15.572408
15.115585
14.797071
15.36715
15.084941
15.145318
14.805046
14.361653
15.277281
15.142441
15.047972
14.595977
15.241066
15.293472
14.747522
15.275351
14.53164
14.974774
15.022102
15.021406
15.153051
15.23899
15.334533
15.20428
15.209382
15.270108
14.893157
15.412143
14.673772
14.427746
14.847674
14.640646
15.133212
14.756847
15.293797
15.294457
19.184746
15.119654
15.162923
14.903353
15.076596
15.187646
14.940264
14.921805
15.904035
17.712181
15.246947
14.936774
14.558363
15.219364
14.972918
14.652524
14.729094
14.83599
14.596389
14.959786
15.140439
14.953841
15.153015
15.07505
14.969422
15.353573
18.790123
15.49024
14.524526
15.324377
14.9564
14.597435
14.863972
15.22596
15.12746
14.81666
15.249785
14.708653
15.211375
14.722399
19.821555
15.223273
15.341696
15.276795
15.282784
15.228095
15.049646
14.782116
15.185973
15.175871
15.129992
15.378452
17.062807
15.153323
14.851088
15.155544
14.413243
14.987127
15.021459
15.337692
14.856075
15.201098
15.086174
14.689551
14.833192
14.843595
14.787991
15.21235
14.696266
15.26412
14.49966
15.922143
15.268573
15.146977
15.211285
14.72781
15.117191
15.228352
18.809889
15.108912
15.068211
15.355286
14.978645
14.94861
15.029774
14.741188
15.148445
14.484842
15.139586
14.975285
15.109996
15.336786
14.946565
14.601882
14.795201
15.026086
15.428536
15.058236
15.109687
15.263816
15.339901
15.174508
14.804346
15.226051
14.816629
15.050629
15.208908
15.235449
15.701005
15.123375
15.329417
14.942255
15.092784
14.798746
14.923785
14.93459
15.069
14.937467
15.149481
15.270127
15.221344
18.865051
16.082611
17.607615
15.342108
15.081339
15.110642
14.649564
15.177094
15.619296
15.371756
15.360239
14.748341
15.247387
14.88259
15.182225
15.042965
15.09988
14.926008
14.805514
15.494407
14.826112
15.106554
15.209781
15.022851
15.503452
15.113873
17.517605
15.08816
15.361538
14.802898
15.314837
15.321907
14.839338
15.133659
14.721063
15.22784
15.398043
15.410793
14.70661
15.539035
15.553672
15.030189
15.620605
15.148825
14.597057
14.837404
15.039426
14.617
15.229434
15.090087
15.20253
14.973273
17.053025
15.117975
17.894293
15.154984
14.550908
15.134396
14.126569
14.964139
15.183078
14.974906
15.305149
15.62677
15.034916
14.832907
15.378194
15.07118
14.725806
14.088776
15.067285
14.471333
14.688566
15.419869
14.720809
15.293794
15.5998
15.170587
20.148307
14.876139
15.106839
15.100494
14.675109
14.759568
15.013975
15.294799
15.148988
14.653405
15.297271
15.394981
14.835819
15.222246
14.931745
15.413399
15.34584
15.244325
14.98078
15.258662
14.60166
15.070817
15.399348
14.537102
15.134072
14.925917
14.91412
14.850875
16.570436
15.840709
15.010018
15.159837
15.113742
15.045981
14.549877
15.212414
14.852285
14.966453
14.816217
15.183086
15.249257
15.340691
14.498251
14.755774
14.877772
14.744027
15.167907
14.803053
15.17585
15.198789
15.215751
15.208868
17.683524
15.374999
15.322343
14.881846
14.785699
14.822685
14.808755
15.80894
15.040465
15.020192
15.043766
14.930127
15.146764
15.106018
14.922602
15.201913
15.203781
14.80201
15.148727
14.736308
14.879169
15.701584
15.312044
14.984695
15.238141
15.210001
18.096584
15.208102
15.494216
14.847273
15.281499
15.073952
15.180071
14.92866
15.097976
14.948392
15.220684
14.786561
15.216879
15.057039
14.988514
15.32124
15.346925
15.064219
15.01472
14.99756
15.34682
15.208387
15.030174
14.941819
15.17891
14.980033
17.904784
15.128722
15.205094
14.752515
15.117218
14.883497
15.285693
15.125061
14.557429
14.961937
17.347733
15.662686
15.102952
15.345483
15.112742
14.935686
15.154782
15.177308
14.979975
15.14986
14.546667
14.719025
15.107235
15.054526
14.70127
14.541394
17.577695
15.223308
14.810057
15.088773
14.706408
14.059232
14.8588
15.271096
15.11516
15.172468
15.612667
15.179519
15.065787
15.107229
14.869582
15.092067
15.104096
14.931196
15.220208
14.659944
14.653
14.629284
14.767258
15.115803
14.799711
15.630185
17.008232
15.197107
14.60052
15.412131
14.944394
15.797915
15.14085
16.463661
14.620256
14.537373
14.716282
15.35321
15.122491
14.511036
14.318945
14.778155
15.418105
14.818256
14.511621
15.550521
15.166857
14.571996
15.431046
14.668881
14.919064
14.692203
15.28982
14.863679
14.82294
14.544174
15.220371
15.082446
14.537108
14.839105
14.677128
15.19769
14.75264
14.473535
14.239411
14.4707
14.631101
14.386817
15.162966
15.167711
14.96996
14.605543
14.982004
15.024087
14.641108
15.481638
14.493745
14.782824
16.667633
14.924361
14.446643
14.982991
15.319535
15.071027
15.111643
15.07427
14.434615
15.328691
14.81501
15.20391
14.832776
14.764663
14.99576
14.336569
14.812352
15.040344
14.844342
14.418665
15.090682
15.062377
14.861755
14.737835
14.672905
14.465099
17.573683
14.859212
17.54624
15.334984
14.929607
14.970283
14.89365
15.025814
16.714791
15.21676
14.930163
14.617613
15.00341
15.143974
14.821848
15.212355
15.045915
14.722787
18.455271
15.370395
14.655063
15.030888
14.868668
14.756307
14.754419
14.987067
16.338639
14.866391
15.100956
15.051289
15.269242
14.581386
15.035977
14.798132
18.881682
14.963458
14.801466
15.25867
14.722361
14.763945
14.946174
15.236877
14.91739
15.600538
15.004904
15.226338
14.985676
14.959826
14.99775
14.501273
15.244271
14.720827
14.844064
14.824761
16.749844
15.433949
14.847222
15.258028
15.074827
15.649773
14.854194
15.082524
14.26251
14.157882
14.728419
15.119647
15.282262
15.145372
14.660309
15.489028
14.966846
14.676317
15.127407
15.255505
15.177309
14.687178
15.491399
15.073333
14.893233
14.919711
14.409011
14.553253
14.48699
14.995404
15.139086
15.632227
14.678412
15.007254
15.181876
15.015535
14.793023
14.959375
14.618079
15.238795
14.880968
14.883545
14.897122
14.683802
15.056196
14.82945
17.520724
14.724001
15.144811
15.753599
15.045045
15.177373
17.280151
15.789157
15.186101
14.687797
14.838236
15.016529
14.436567
14.56518
15.281471
15.181737
15.157081
15.341532
15.076246
15.157311
15.273048
16.910786
14.963868
15.060615
14.777644
14.985164
15.04581
15.343837
14.557098
14.858013
15.076228
15.366808
15.151886
15.253081
14.690391
15.221246
15.277112
14.883913
15.194315
14.946632
15.187508
14.825906
14.943807
15.600989
14.923167
15.194562
15.501557
20.088442
15.201891
15.510499
14.944163
15.280644
15.612613
15.418378
15.009002
15.172992
15.066841
15.199343
15.271496
14.825832
14.981527
15.463135
15.048478
15.276458
14.860007
15.255509
18.826442
14.681547
15.306624
15.292252
15.150579
15.241586
15.24651
18.220045
14.921417
14.745122
15.157466
15.325675
15.580453
14.863527
15.143871
15.23772
15.10981
15.389532
15.214214
15.219808
15.077235
16.173066
15.148896
18.089335
15.917534
15.009573
15.205158
15.11445
15.143836
15.409707
14.693656
15.122062
15.185879
18.751248
15.06985
14.92759
15.385372
15.128287
15.270354
14.924711
15.182529
15.255632
15.059033
14.713277
15.544084
15.473177
15.095127
15.387197
14.670931
15.150302
15.019348
15.4622
14.56574
15.194757
15.091063
14.849232
15.1871
15.391935
14.70174
18.059009
15.067592
15.27618
15.117318
14.865
15.221651
15.205448
15.024132
15.196511
15.20828
15.667245
14.617064
14.509106
15.22616
14.701001
14.507059
14.881927
15.498944
15.037437
15.125344
15.46536
14.731925
15.307735
15.078757
15.11971
15.491801
17.469625
15.004052
15.009362
15.918119
15.193831
15.171897
15.118881
14.95742
14.779093
14.945798
14.804061
15.108471
15.031408
15.21669
15.199549
14.972872
15.497852
15.156919
15.419388
15.33053
15.312658
15.079911
15.311304
14.948308
15.025376
15.211125
15.361445
15.246514
15.906405
15.198282
15.229685
15.104364
15.329664
15.113769
14.711069
14.680436
15.514826
15.311078
15.106424
15.002917
15.22162
15.116722
15.025355
15.580146
15.378128
15.4375
14.926961
15.145036
15.326777
14.909476
15.219866
14.970063
17.822148
15.312588
15.059583
15.425591
15.155648
14.834186
14.863934
14.788307
15.170427
15.781008
14.99496
15.047446
15.310294
15.037902
15.293839
15.117454
14.849046
19.127522
14.917677
14.772906
15.550215
18.541773
15.476726
14.618826
15.245179
15.012252
14.738717
14.902216
15.238531
14.97879
15.420954
18.001967
15.460933
15.492724
15.291244
14.767021
14.996466
14.973881
15.285532
15.100029
15.105243
15.336493
15.002116
17.230214
15.220022
15.446699
14.851205
14.721355
15.295398
17.936625
14.698147
15.526892
15.942554
15.318323
14.816586
15.084906
15.132744
14.164855
15.117481
15.229076
15.057613
15.301096
15.242077
15.0572
15.357356
15.174659
14.991647
15.382204
14.761192
18.881427
14.639465
15.023246
15.229445
15.103434
14.944018
15.262889
14.897715
15.153504
15.042175
14.9822
15.157606
14.867845
14.679134
15.142016
14.832435
14.939767
15.080202
14.951244
15.032042
15.194892
15.146877
15.290585
14.958671
15.106373
15.157897
18.171261
15.149392
15.026864
15.619794
15.238036
15.128003
14.80616
15.044345
14.952857
18.349064
15.201737
14.867747
15.383036
15.550319
15.204867
14.916001
15.004529
15.570088
15.288228
15.268631
14.701594
14.96285
14.776919
15.436315
14.998275
14.865476
15.486965
14.608967
15.39602
14.963369
14.892777
15.290866
14.846231
15.097071
15.145336
14.84047
15.141186
15.015046
15.264044
14.725065
15.246014
15.52813
15.459756
15.45846
15.003988
15.329577
15.170219
15.195646
15.235293
15.49148
15.08607
14.968334
17.746376
14.65688
15.142473
15.755066
14.749987
15.99992
15.828264
15.492026
15.216157
17.494096
14.941684
14.80451
14.874611
14.777131
14.993354
14.812345
15.159176
18.188778
14.793691
15.008241
14.772003
15.033172
15.017743
15.223469
14.988868
14.869617
14.9752
15.127734
14.806443
15.26621
14.548865
15.032515
14.845957
15.054212
14.764048
14.537947
15.213498
14.828046
15.442665
14.990481
15.891012
15.115608
14.980911
18.946508
15.325868
15.024725
14.918781
14.763019
15.191041
15.164536
14.864673
14.834839
14.412292
15.219824
14.879734
15.457783
14.823469
15.05287
15.44011
14.83798
14.485143
15.523183
14.901905
15.322307
15.265555
14.78591
15.134107
14.767277
14.614083
19.186222
15.130934
15.082665
14.802938
14.931438
15.180877
15.443699
15.016014
15.807609
14.60758
15.15106
15.046103
14.995124
14.900301
15.459205
14.735494
15.09094
14.954927
14.54276
15.043347
15.274938
14.823781
14.940201
14.850609
16.136486
14.937293
16.946372
15.098468
14.883077
14.824573
15.333229
15.136673
14.657658
15.132903
14.554825
15.084756
14.209162
14.198657
15.220185
15.032088
14.318182
15.214157
15.535979
15.132144
15.743277
15.147583
17.818462
15.140354
15.102908
14.615707
15.115662
15.456988
20.619011
15.157973
15.140337
14.483057
15.083489
14.863956
15.100975
14.914754
14.780838
15.17329
15.251948
14.901796
14.761062
15.242489
15.16458
14.778292
15.443562
14.659126
15.35483
15.018102
15.042981
15.081936
15.304804
18.833449
15.293011
15.174918
18.108463
15.280756
15.392902
14.976987
15.219449
15.12031
14.808662
15.292348
14.930798
15.195338
15.546878
15.414765
15.311532
15.371388
14.686401
15.332515
14.685883
14.612526
14.982893
14.791888
15.59375
15.361035
15.592846
14.952637
14.768612
15.455687
18.449041
14.897048
15.173437
15.068436
15.054373
15.130781
14.747192
14.829233
17.025145
14.883355
15.084072
15.228666
14.61144
15.115023
14.977027
14.426217
15.204988
15.472086
15.342783
14.642815
15.462753
15.156088
14.82246
17.419644
15.365735
15.611327
15.656334
15.059479
14.55877
15.348911
14.917004
15.135035
14.99127
15.205853
15.281616
15.249981
14.940985
15.122241
15.232224
14.978739
14.96909
15.097037
15.206984
20.519865
15.22839
15.116972
15.064744
15.03748
15.226768
14.836557
14.868259
15.138532
15.492393
14.787525
18.187102
15.176945
14.935781
15.371597
14.719663
15.147836
15.303338
14.847019
17.752226
15.248663
15.034515
15.131864
15.26785
15.388178
14.935073
19.192274
15.289785
15.466046
14.7024
15.080775
15.299269
14.69781
15.752594
15.309709
15.276232
15.578204
15.194167
15.235412
14.604431
15.485383
15.264913
15.275425
14.871957
15.311175
15.692076
14.882405
15.064179
15.182478
15.392471
14.870431
15.161057
18.685463
15.176315
15.382725
15.406988
14.936382
15.013133
15.047752
15.081119
15.043889
15.03103
15.372255
15.083508
15.322106
14.856003
15.022498
15.002088
15.466729
14.72599
15.073187
15.072372
15.07309
15.171683
14.903549
14.591659
15.121813
15.320841
19.147924
14.618562
14.942595
15.52781
15.120943
14.987592
15.268859
15.050064
15.11647
15.391643
14.359616
14.129182
14.801928
14.8337
14.817439
14.903162
14.665845
15.175859
14.491844
15.603788
15.072904
14.733802
15.235311
14.63212
14.827924
15.078139
18.279241
14.672091
14.912788
15.141145
15.091308
14.938923
14.54485
14.721077
14.911264
14.879809
14.4259
15.125448
15.327435
15.024921
14.626382
15.084847
15.383376
14.749385
15.000028
14.879608
15.347614
14.639884
14.94803
15.683071
15.350543
15.08694
16.522296
14.876305
14.952052
14.800018
15.372767
15.244566
14.684171
14.803905
15.107019
18.966429
14.996531
15.8292
14.921636
14.812678
14.56171
15.036142
14.901644
15.179553
15.030569
15.026899
14.66846
15.385087
14.998245
15.636515
14.876104
15.013691
19.102909
14.750037
15.067931
15.054524
14.85053
14.948144
14.588709
15.072404
15.36834
14.50192
15.431124
14.732659
15.098988
15.191601
15.23453
14.972074
15.528092
14.883104
14.906785
15.079627
15.405443
15.496738
14.778359
15.377483
15.397461
15.142118
15.458392
15.32844
15.002345
15.735928
15.1602
15.054418
15.372481
15.344734
15.491607
15.471989
14.649124
15.270206
15.158597
15.254247
15.315001
15.064763
18.644786
18.697502
15.285258
15.396311
15.322635
15.336857
14.829865
14.915991
15.510532
15.424948
15.200341
15.119033
15.407176
14.755287
15.200521
18.203077
15.194134
15.210636
15.050364
14.800869
14.787074
15.256904
14.971412
15.210479
15.174307
14.871073
15.226672
18.129848
15.209121
15.153154
15.046451
15.396654
14.940972
14.975214
15.849317
15.384374
15.243235
15.367222
14.631624
14.688178
14.863918
15.346604
14.945409
15.171148
15.425166
14.823682
15.29412
15.032733
15.307961
15.416779
15.36872
15.005102
15.150116
15.435594
15.027083
15.14304
15.503665
15.348107
14.981524
15.023097
15.483777
15.118827
15.326705
14.856618
15.164576
15.262373
15.044778
14.577568
15.271669
15.10297
15.417843
14.999616
14.376222
14.997041
15.088193
15.806448
14.956488
14.781941
14.955613
18.991125
15.188504
15.030082
15.622973
17.874635
14.82194
14.377756
16.319662
15.40921
15.813671
15.606158
15.424781
15.381718
15.487571
15.363442
15.193533
15.21615
15.056946
15.449047
15.269003
15.073448
15.156593
15.012446
15.408043
15.578317
15.003412
16.14472
14.568704
14.730388
15.380371
15.419707
15.028386
14.871965
14.657814
15.077939
14.893891
15.018674
15.267147
15.66852
15.397952
15.212568
15.330635
15.144222
15.767135
15.648865
15.465611
15.42699
15.174951
15.300101
14.903638
15.664263
15.914865
15.505544
14.994803
15.015896
14.863854
16.648791
15.22696
15.120106
15.492396
15.271353
15.280227
15.323696
15.279194
15.110806
15.446877
14.563157
15.200943
15.123694
18.7412
15.437916
15.366632
14.992523
15.019541
15.105553
14.714802
15.22411
15.634653
15.355131
14.707603
15.109189
15.381692
14.926993
15.340889
15.914668
14.999654
14.531475
15.603838
15.809636
14.710494
14.956109
15.274899
15.431898
15.637349
15.421576
17.433207
15.370871
15.009571
15.332344
15.214684
14.697334
15.259253
15.275423
15.308392
14.919885
15.189258
15.013913
15.251184
15.511777
15.031829
15.174633
15.129028
15.959715
15.464615
15.175201
15.037062
15.291047
15.388456
15.396225
14.635311
15.043923
15.800792
14.925536
15.491073
15.343372
15.435555
15.122081
15.19374
15.87086
15.713928
15.770046
15.573902
15.610773
14.855859
15.382281
15.12307
15.182041
14.88943
15.494442
18.124999
15.642125
15.394049
15.40282
14.809463
14.731761
15.240084
18.952386
17.435363
15.019254
14.715897
15.493901
15.162203
15.034053
15.120493
14.84059
15.179694
15.449884
15.373919
15.165291
15.045652
15.294969
15.14538
15.511812
14.967984
15.573596
15.297415
15.476754
15.394426
15.367877
15.298275
14.846516
15.528845
16.154471
15.119516
15.170175
15.098938
14.976822
14.960004
15.153762
15.041053
17.553659
14.985277
15.360758
15.347608
15.218575
15.153939
15.374126
15.617956
15.409081
15.428869
18.917987
15.366487
15.324085
15.633024
15.38519
14.431239
14.995923
16.972007
15.248575
15.822179
15.246334
15.368006
15.084867
15.030886
15.074558
15.274133
15.491728
15.368838
15.026911
15.032974
15.489366
15.104445
15.343845
15.022269
15.626967
15.224429
20.414219
14.935143
15.297858
15.515407
15.016126
15.30353
15.17328
15.181414
15.184536
15.21648
15.384919
15.157878
15.599755
15.420759
14.786742
15.368299
14.583019
14.863465
15.371839
15.346023
15.395892
15.40036
15.429601
14.707858
15.179663
15.721505
20.089033
15.499714
15.101896
15.42181
15.207713
15.177342
15.343486
15.346468
14.963869
15.067432
15.415531
18.778465
14.504973
15.618651
15.551327
15.086319
15.384666
18.545718
15.532752
15.307946
15.383019
15.024976
15.010667
15.435811
14.388744
15.100337
15.495298
15.442225
15.372538
15.240026
14.477513
14.995439
15.185117
15.799179
15.333243
15.285132
15.593202
15.069174
14.965302
15.187229
14.558727
15.321103
15.228245
19.019225
14.852651
15.276404
14.688144
15.449245
15.205691
15.442088
15.650096
15.402806
14.964317
15.099888
14.910685
15.114494
15.444167
15.413969
15.571303
15.415753
15.226035
14.97493
15.680598
14.903941
15.350162
15.258972
15.19439
15.423304
15.543178
21.85803
15.777653
15.161736
15.118298
15.524533
15.464999
15.223301
15.403281
15.07874
15.348606
15.620688
15.245207
15.362074
15.297223
15.555282
15.475501
15.330236
15.550381
14.799521
15.261582
15.537975
15.350095
15.046704
14.83795
15.234761
17.101161
18.720859
15.241142
21.938865
20.41757
14.895369
14.555179
15.215187
15.069762
15.594424
16.634394
16.349047
15.488332
15.911897
15.416019
15.556392
15.051716
14.977757
17.793287
15.05839
15.424923
14.925262
15.454545
15.658386
15.366588
14.995242
15.519072
15.048614
15.420361
15.4942
15.419324
16.463304
15.430162
15.17052
15.228039
15.47233
15.717286
15.271441
15.168815
14.904049
15.575987
15.072069
15.582604
15.335715
18.883933
15.092121
14.942285
15.260066
14.693583
15.608342
15.103134
15.051891
15.438137
15.12085
15.077321
15.811777
15.374463
14.885588
15.012716
14.666723
15.333257
15.217491
15.63323
15.081024
15.483513
15.325172
15.061669
15.038336
15.402788
14.828276
18.779984
15.001057
15.049389
15.165809
16.902819
14.747579
14.65072
14.838175
14.810604
15.314037
15.807649
15.227021
14.676972
15.094933
15.83812
20.415226
15.104278
17.251547
15.366869
15.09282
29.219522
14.37081
15.244974
15.567885
14.657243
14.585333
21.697782
20.393439
15.734347
14.306031
18.726492
15.142369
15.315837
29.933825
18.428331
15.176263
15.295684
15.265001
15.922753
15.42414
15.175858
14.72069
14.733915
17.723209
15.143203
14.758872
14.948531
16.138276
16.025362
14.422553
15.749404
14.694976
15.406411
15.355601
15.10117
38.188033
14.474116
14.9575
15.038811
15.116805
27.011163
15.076096
15.257875
14.992883
14.814994
14.767978
15.21768
15.1666
15.553522
15.135226
14.344264
15.946766
15.023372
15.215
14.85581
14.895115
14.967819
17.819618
15.176881
15.277228
15.000388
14.222266
14.623608
15.440053
17.619919
15.306991
15.494486
15.286286
14.824452
14.813188
14.828814
16.765577
15.551167
15.323315
15.017305
14.864572
14.661347
15.275072
14.984661
15.032369
15.327989
15.017554
14.858624
18.403153
15.253552
15.296576
14.269084
15.264026
14.875495
15.426019
14.342119
15.453527
14.624493
14.426796
14.989487
15.45405
16.394478
15.15606
15.00454
24.671749
14.710092
14.44824
14.040794
15.124815
15.07248
15.103468
14.654236
14.891121
14.642902
19.397253
14.792293
15.408817
14.266293
15.636353
14.850306
14.874393
15.232943
15.215201
15.413405
14.873476
14.560062
14.945485
14.384031
15.223174
15.236866
15.087729
14.72476
14.96591
14.887496
15.111698
15.015297
14.669775
14.99326
15.248412
17.117476
18.238614
14.634195
15.138055
14.505143
15.636832
14.843434
14.963171
15.093064
14.819697
15.265288
14.848641
14.526644
14.604096
14.431529
14.349984
14.74359
14.728784
14.899852
14.592941
14.450863
14.890247
15.385686
15.220348
14.738125
15.075346
15.042603
17.366965
15.468678
15.428834
14.986204
16.49006
15.280314
15.146037
15.155618
15.446121
15.222253
15.064756
15.486452
15.792933
15.412083
15.208553
14.708239
15.401552
15.512533
14.953293
14.631129
14.63196
15.580083
15.941746
15.524115
14.869235
15.405178
15.639638
14.809222
21.813567
20.906174
14.404458
14.64699
15.265825
15.176177
15.329228
14.989701
15.367445
15.26372
15.538282
15.611281
15.468434
15.509248
14.998631
18.111481
15.540593
15.317223
15.498658
15.371772
15.351279
14.73448
15.427803
15.328038
15.258799
15.133619
15.101696
15.395077
16.628687
15.484582
15.63009
15.796251
16.713909
15.343571
14.783573
15.64671
15.47982
15.438788
15.184301
15.067537
15.099381
18.920454
15.479671
15.052441
15.164206
15.893912
15.53731
15.397565
15.122078
15.354876
15.189654
14.944871
15.250516
15.498398
15.564457
15.126096
14.935192
16.01183
15.668397
18.330404
15.359988
15.25195
15.062702
15.437388
15.675544
15.41229
15.243914
16.922223
15.086718
15.345671
15.033843
15.492355
15.521739
14.951749
15.291826
15.373281
15.424358
15.339186
15.248656
15.347614
15.51503
15.256298
15.949465
15.030101
18.675359
15.077084
15.28744
15.386066
15.332466
15.134573
15.669151
15.558172
15.363179
15.095265
15.485547
15.527312
15.524971
15.339739
16.989942
15.364986
15.198352
15.687517
15.373745
15.423406
15.01327
15.380896
15.342768
15.356526
15.66683
15.691556
20.711995
15.130048
15.490971
15.528137
15.494343
15.432099
15.154991
15.181182
15.468043
15.503777
15.45526
15.736948
15.650789
15.274641
14.998584
15.581409
15.233264
15.241918
15.083984
15.492683
14.974684
15.18136
15.590087
15.314409
15.071074
15.505228
18.23608
15.436657
15.582412
15.564768
15.007162
15.461289
15.948194
15.438968
15.862222
15.697123
15.666397
15.509723
15.62611
15.491537
15.389619
15.881623
15.609634
19.86602
15.325696
15.439054
14.943923
15.33529
15.399601
15.307012
15.47469
15.263153
15.459379
15.422911
14.810165
14.888352
15.731683
15.03969
14.356122
15.14376
15.787051
15.540715
15.720434
17.853875
15.586752
15.76706
15.565725
15.084077
15.438342
19.159363
15.321198
15.393859
15.610756
15.44596
15.27371
15.581232
15.331396
15.513977
15.928624
15.443827
15.326822
15.38775
15.19413
14.882262
15.080327
15.273376
15.408452
15.16631
15.669646
15.377791
15.287856
15.082306
14.921032
15.584447
17.814037
17.151764
14.842588
15.282157
15.44143
15.252083
15.06775
15.562803
15.13429
15.650979
14.792226
15.604893
15.425533
15.516006
15.520063
14.954365
15.272463
15.351951
18.973065
15.58336
15.445296
15.552678
15.545084
15.313312
15.788248
15.326447
15.721069
16.637872
15.502478
15.554027
15.173522
16.559464
15.303505
15.389712
15.308615
15.241498
15.526069
15.542301
15.184002
15.566422
15.730594
15.202092
15.09085
15.972652
15.481419
15.276051
15.224712
14.877857
15.709423
15.575804
15.735856
15.70469
15.292564
15.733005
15.780881
15.605365
15.266737
15.272544
15.268683
14.491391
14.573052
15.498948
15.251638
15.361293
15.218687
15.168872
14.957559
14.923627
15.429272
15.541547
18.621623
15.124331
15.091911
15.463214
15.164224
15.45254
15.134095
15.547703
15.569555
15.290882
15.08955
15.543685
14.895488
17.866681
15.476396
14.993044
15.598823
15.616182
14.759843
15.424735
15.353943
15.198067
15.527277
15.509024
16.862855
15.313462
15.276216
15.619694
16.180307
15.637135
15.877024
15.48742
15.091564
15.586373
15.158259
14.998416
15.406567
15.248415
15.2256
14.893179
15.47702
15.704288
15.43272
19.029369
18.67922
15.118344
15.245324
15.714845
15.599767
15.194314
15.177867
15.346839
15.16939
15.129858
15.454807
15.744101
15.265548
14.974546
15.807368
15.29067
15.32624
15.533603
14.990042
15.231428
15.195757
15.489179
15.261669
15.384291
15.474912
15.688015
15.214199
15.263163
15.882247
15.402208
15.476052
14.692508
15.002266
15.698536
15.178283
15.20143
15.72949
15.158421
14.815905
15.488784
15.299086
15.192869
15.507059
15.196096
15.51294
16.033553
15.330984
15.652355
15.098728
15.5754
14.889806
18.930092
15.042616
15.170632
15.676744
16.147167
15.68522
15.065175
15.760731
15.314313
15.097575
15.390571
15.788286
15.193385
15.051911
14.808155
14.377204
15.393315
15.336854
15.166915
15.140773
15.352723
16.251207
15.395424
15.006988
15.238742
15.695072
17.00595
14.969183
15.316079
15.440125
15.266231
15.425628
17.698782
14.82812
15.452347
15.153595
15.486151
15.339047
15.076699
15.449744
15.056722
15.451428
15.170563
19.378934
15.111951
15.309326
15.145848
15.452754
15.384043
15.273305
15.508239
15.769137
14.969287
15.165544
15.208726
14.764671
15.268885
15.944372
15.272004
15.020922
15.509866
15.011639
15.052854
15.225081
15.746952
16.020517
15.175372
15.430424
14.972501
20.960282
14.654692
15.650439
15.640926
15.430441
14.841933
15.323528
14.610687
15.38163
15.258908
15.191057
15.234672
15.452176
14.962486
14.749402
15.409496
14.94703
15.94918
15.3848
15.497754
15.445497
16.484129
15.379622
15.055595
14.955155
15.180558
19.115596
14.873034
14.915588
15.547506
14.908901
15.093238
14.985505
15.153373
15.035644
15.47483
15.146965
14.741178
15.252567
15.050837
16.029366
15.173208
14.86323
15.434377
15.255314
15.641471
17.668747
15.016785
15.506766
15.374505
14.723307
15.006505
18.374309
15.520037
15.551684
15.057174
14.837087
15.259444
15.235276
15.275808
15.206579
15.575333
15.29085
15.167107
15.553283
14.744947
15.290826
15.337431
14.565747
19.058092
15.817154
15.403756
15.038305
15.215051
15.10401
15.210599
15.37101
17.400242
15.441305
15.539067
14.890678
15.027549
14.743787
15.265666
15.920674
14.966607
15.305956
15.037937
14.930969
15.364486
15.346887
14.611623
14.967192
15.246512
15.257804
17.023274
15.446195
15.272457
15.699725
15.292259
14.994498
15.624831
15.252903
15.176928
15.165847
15.515272
15.164553
15.456801
16.299033
15.240837
15.456032
15.526151
16.431301
15.451448
15.368955
15.471233
15.563102
15.404393
15.526326
15.370778
15.297714
19.462789
15.51436
15.297201
15.570724
14.733384
15.55008
15.699773
16.028917
15.469523
15.998073
15.35399
15.488234
15.260238
15.48189
15.414929
15.109998
15.719967
15.608887
15.354059
14.870787
15.355916
15.334582
15.251063
15.51249
15.435525
15.949448
15.26403
14.985314
15.3033
14.679354
15.245471
15.167932
15.841531
15.53809
15.606538
15.513222
15.301558
15.283668
15.461146
18.515433
15.365824
15.433109
15.555389
19.858863
15.461665
15.240768
16.028839
15.641055
15.577095
15.994618
15.750145
15.991328
15.826492
15.644167
15.611952
15.269599
15.722929
15.45702
15.144899
15.81253
15.271573
15.215745
14.609492
15.155184
15.103062
15.101505
15.507549
15.486558
15.505785
16.129594
17.52941
15.436177
15.457801
15.347821
15.450186
15.372908
15.8077
15.136311
15.358446
15.436985
15.40494
15.919868
15.466676
15.199856
14.845721
15.48114
14.68995
15.357918
15.278211
14.962674
15.15475
15.360076
15.192228
15.493075
15.260757
18.388033
15.461818
15.579109
15.337809
15.578585
15.487168
15.468411
15.464001
15.202608
15.163559
15.079343
15.008909
15.586918
15.383586
15.761599
15.76367
15.677149
19.723903
15.573487
15.45622
16.483052
15.044195
15.429529
15.350013
15.186613
15.109549
15.377687
15.22926
15.12721
15.392159
14.983517
15.517795
15.18425
15.764905
15.585284
15.070914
15.146875
15.469984
15.159042
15.523891
15.226008
15.278925
15.361843
19.932007
15.643502
15.748455
15.491677
15.457659
15.346938
15.060605
15.517717
15.339052
15.586262
15.048645
14.84799
15.375714
15.504596
15.394572
16.37229
15.198044
15.525141
15.679851
15.692041
15.710088
15.719238
15.555569
15.089691
15.537636
15.339256
17.492383
15.671485
15.071527
15.112439
15.514389
15.255925
15.45497
15.379526
15.127382
15.111202
15.405137
15.481552
15.691935
15.730749
15.778454
15.210639
15.52278
16.066802
15.27404
15.406893
18.340827
15.498274
15.297182
15.072353
15.274619
15.411007
14.857421
14.78232
15.815736
15.381334
15.724405
15.662161
15.420345
15.80819
15.672724
15.253876
15.171744
15.156297
15.12499
15.349018
15.160059
15.267037
15.579139
18.899206
15.10985
15.711245
14.991998
15.251678
15.222383
15.354479
15.528805
17.136071
15.494039
15.409278
15.274706
15.322038
15.309932
15.723243
15.278401
15.426004
15.405231
15.610726
15.106547
15.688007
15.477652
15.238259
15.703346
15.747994
15.217216
18.944246
15.651416
15.194481
15.703367
15.60095
15.62684
15.481154
14.79768
15.335402
15.314633
15.140637
15.93971
15.481477
15.300569
15.673365
15.699619
15.600362
15.75906
15.838966
15.512692
15.684452
15.513506
15.487197
15.530274
15.092121
15.694981
15.549463
15.69536
15.366862
14.828874
15.376101
15.451986
15.773223
15.561263
15.681227
15.353337
15.48517
15.362155
16.181824
15.206467
15.595281
15.340303
15.889665
18.798262
16.474301
15.125312
15.195111
15.166366
15.545045
15.568452
15.60315
15.809408
15.356045
15.426964
15.26432
15.064186
15.466444
15.573219
15.644161
15.077508
15.392274
15.603957
15.398873
15.062669
15.692165
17.530966
15.389308
15.222743
15.416802
18.285655
15.522857
15.557164
15.537872
15.477621
14.776524
15.584272
15.469504
15.360691
15.272122
15.739225
15.329076
14.416077
15.380895
18.971198
15.128727
15.89811
15.264107
15.663012
15.262083
15.557058
15.602226
15.514885
15.443725
15.39974
15.505938
15.68542
18.90545
15.434413
15.280734
15.259078
15.173102
15.449782
15.402708
15.157188
15.755218
15.323288
15.579372
15.467829
15.019388
15.311384
15.299086
15.349036
18.708492
15.213067
15.62957
15.605511
15.376938
14.953315
15.493035
15.386127
15.48816
15.3905
15.535265
15.367679
15.431793
15.456795
15.246751
15.375111
16.035387
15.611576
16.03278
15.308768
15.597733
15.176592
15.78086
15.626444
15.79213
15.341942
16.948742
15.515487
15.558359
15.482835
15.158034
15.178685
15.383074
15.1005
15.631021
15.258811
15.772146
15.675341
15.336147
15.6005
15.698718
15.537581
17.202169
15.411467
15.568793
15.30724
15.278922
15.220812
15.657806
14.800912
15.300739
15.65627
17.537114
15.290897
15.726357
15.886806
15.521467
15.652022
15.334752
15.408057
15.889542
15.517157
15.059345
15.226194
15.524753
15.40199
15.38938
15.49525
15.315504
18.551481
15.710386
15.451522
15.150842
15.240907
15.500591
14.458957
15.955668
15.179278
18.648321
15.227151
15.229547
15.621986
15.632238
15.380238
15.51635
14.369261
15.312077
15.403553
15.199433
15.047294
15.247735
15.470151
15.851684
15.775803
15.135137
16.696196
15.250708
15.408433
18.173659
15.059758
15.64603
15.31057
15.585266
15.459181
15.544949
14.50768
15.099968
15.32545
15.216812
15.660674
15.353399
15.017591
15.301611
15.338828
15.414979
15.139877
15.339084
15.042486
15.04253
15.530329
15.570951
18.594204
15.219263
15.370619
15.433689
15.861809
15.094723
15.065706
15.478224
18.730006
15.667184
15.145991
15.629286
15.725682
15.758624
15.624242
15.232774
14.880023
16.034868
14.903966
15.369446
15.510945
15.866278
15.389153
15.446868
15.440767
16.137787
15.38285
15.828332
15.342108
15.401929
14.833021
15.469197
15.193866
15.223264
15.257484
15.460723
15.10295
15.305663
14.993882
15.062975
15.443861
15.628183
15.307065
14.951074
15.355712
15.258942
15.114165
15.241029
15.283096
18.927197
15.553364
15.76937
14.582403
15.529893
15.184546
15.360308
15.073948
15.799161
15.248418
15.307944
15.305136
15.583875
15.749769
14.832675
14.997736
14.970139
15.319768
15.207567
15.318426
20.808551
15.823428
15.657587
15.352144
15.220103
15.739213
15.42717
15.460633
15.402892
15.412617
14.940591
15.671991
15.392529
15.24919
14.91716
15.394282
14.955795
15.604032
15.689694
15.467926
15.251561
15.300193
16.946482
14.753962
15.466612
14.830654
17.879806
15.154111
15.248902
15.323653
15.384401
14.841905
15.332571
15.309666
15.29682
15.59096
15.959999
15.363565
14.817838
15.390792
15.579293
14.866159
15.281191
15.319789
15.917384
15.497769
15.609666
15.398223
15.432614
15.280988
15.508309
15.879915
15.814017
16.342218
15.543098
15.222438
15.513163
15.535781
15.485661
15.022846
15.688193
15.161557
15.575792
15.34103
15.532594
15.617405
15.40056
15.251083
15.554478
19.447622
15.229374
15.615632
15.680355
15.557635
15.750202
14.90718
15.345175
15.482809
15.598252
15.491481
15.453358
15.384951
14.851128
15.540842
15.680556
15.423521
15.532106
16.155222
15.286618
15.362548
15.487716
15.786477
15.294308
14.83499
15.62975
18.813991
14.999039
15.19335
15.386825
15.357886
15.423422
15.417665
15.312476
14.978593
15.539143
15.968123
15.09548
16.55456
15.559803
15.756267
15.783737
15.392986
15.393606
15.149382
15.241218
15.654029
15.472239
15.240972
15.467463
15.31673
15.54422
17.381166
15.072549
15.356193
15.150793
15.582497
15.446721
15.611241
15.698872
15.136989
15.338321
15.560166
15.432419
15.394879
15.687547
15.565275
15.422312
15.568595
18.169032
15.060076
15.162151
15.118111
15.563906
15.949867
15.277504
15.503705
15.762088
15.63727
15.376672
15.422343
14.984927
15.741644
15.29828
15.764729
15.543977
15.592529
15.630812
15.366271
15.617883
15.306747
15.47431
15.653429
15.325797
15.496401
19.073588
15.391505
15.334634
17.604716
15.82305
15.006715
14.926769
15.403939
15.650501
15.588235
15.446603
15.384099
15.953456
18.215423
15.011336
15.365066
15.700121
18.364522
15.581707
15.644873
15.330338
15.42063
15.748337
19.281501
15.628884
15.710857
15.670593
15.645973
15.639967
15.37546
15.334728
15.105909
15.285692
15.055675
18.607191
15.886201
14.981424
15.79153
15.49417
15.603289
15.99264
15.911133
15.532359
19.844347
15.877905
15.760307
15.751626
15.771969
15.840415
15.401796
15.424877
15.352417
15.512195
15.626755
15.654825
16.036782
15.518361
15.527886
15.552306
15.550475
16.440703
15.390401
15.39036
15.718577
15.678341
17.654281
15.586306
15.5661
15.007663
15.624971
15.472027
15.207501
15.612063
15.814623
15.20506
15.725354
15.691442
15.310717
15.434452
15.860914
15.209108
15.861369
15.839169
15.474759
15.389225
15.73786
17.932485
15.504139
15.414755
15.074215
15.529255
15.391757
15.23328
15.534649
15.287083
15.694885
19.233297
15.629696
15.332882
15.223357
15.35215
15.464481
15.760817
15.736163
15.425288
15.423774
15.206254
15.627212
15.820351
15.792122
15.85081
15.657997
19.616605
15.555615
15.738857
15.67632
15.596428
15.927429
14.872415
15.174054
15.621052
15.49698
15.463063
15.707977
15.734719
15.678925
15.205751
18.716994
15.470554
18.947274
15.274073
15.596903
15.761834
15.652889
15.259577
15.302054
15.039283
15.776534
15.392383
15.557844
15.092086
15.993384
15.122995
15.439232
15.77829
15.648237
15.21253
16.060448
15.468469
15.143212
15.931734
15.079557
15.583366
15.466508
15.640285
19.485499
16.08978
15.189296
18.424604
15.67482
15.923026
14.970117
15.646699
15.813641
15.323494
15.817389
15.576822
14.929263
15.440723
15.656249
15.627215
15.628478
15.157797
15.526527
15.626709
15.106099
15.375499
15.822578
15.708269
15.807238
15.330096
17.248341
14.683532
15.699729
15.650016
15.66017
15.305675
15.426119
15.59008
15.555857
15.14409
15.565328
15.53117
15.168077
15.455641
15.628655
15.594491
15.09834
20.231538
15.632456
15.49132
15.350126
15.695045
15.55533
15.673713
15.34544
15.725022
15.764791
15.189137
15.357445
15.595838
15.583186
15.462042
15.376124
15.243805
15.253307
15.295545
15.140945
15.181431
15.608425
16.232118
15.4144
15.092782
15.940319
19.342704
15.501049
15.311475
15.335352
15.704429
15.545482
15.235949
15.621203
15.409161
15.537029
15.171981
15.449149
15.831373
15.891619
15.795024
15.965877
15.210741
15.653399
15.669162
15.482084
15.442046
15.651434
15.401672
15.440206
15.399522
15.354197
17.499999
16.382963
15.516684
15.317728
15.654853
15.422927
15.528222
15.637553
15.926511
15.430567
15.694933
15.420346
15.605328
15.126045
15.649087
15.741396
16.015435
18.729341
15.012454
15.707248
15.253054
15.024261
15.021488
15.100223
15.24337
15.72733
15.752251
15.725832
15.448102
15.548761
15.44955
15.472783
15.635681
15.854279
15.480822
15.581492
15.70672
15.442205
15.688318
15.800433
15.530475
16.295399
15.610382
18.023978
15.594806
15.077868
15.388635
15.819591
15.73412
15.491822
14.989131
15.295133
15.627248
17.150941
15.328878
15.446737
15.322312
15.593988
15.066616
15.631685
15.32104
15.473901
15.171245
15.849103
15.400606
15.507285
15.234985
15.247392
15.01928
15.69628
15.553553
15.498263
15.183559
15.416887
15.577358
15.769584
15.245874
19.040655
15.111987
15.468355
15.234014
15.598596
15.241549
15.8109
18.739665
15.537378
20.135891
15.252005
15.422051
15.236692
15.388762
15.388131
15.084876
15.749969
15.740248
15.099171
15.367631
15.500092
15.427742
15.446433
15.530029
15.129678
15.499447
15.231851
15.476223
14.979958
15.236399
15.517506
15.521402
14.849653
15.371364
15.394204
17.43048
15.611204
15.480858
18.182794
15.742009
15.332806
15.587529
16.06045
15.03248
15.419631
15.667941
15.148635
15.497776
15.570611
15.149013
15.459858
15.251659
19.895326
15.194903
15.46795
15.510666
15.33888
15.256208
14.81435
15.428127
15.675869
15.300671
15.390385
15.523469
15.630782
15.518818
17.264893
15.19766
15.638716
15.774347
15.080103
15.408475
15.425648
16.000322
15.44618
15.287092
15.735057
15.574255
15.761701
16.445686
15.417782
15.383311
15.867889
15.573263
15.196784
15.550935
15.001426
15.225716
15.567415
15.483648
15.284924
15.078995
15.147071
15.311715
16.065737
15.012614
15.246428
15.382703
15.890763
15.33249
15.828764
15.440303
15.011588
15.813392
17.314827
15.163288
15.005832
15.385489
15.794081
15.476384
15.893203
15.533659
15.391359
14.753339
15.499099
14.779757
15.703777
15.613478
15.36484
15.218602
15.054309
15.938942
15.313094
16.304753
15.699775
15.555576
15.267401
15.34503
15.179982
15.72309
15.168411
15.181317
15.788266
14.920665
15.667703
15.307406
15.24459
15.488155
14.699198
15.541114
15.405326
15.828604
15.4633
15.313765
15.499559
15.649069
15.576678
18.537442
15.535429
15.305082
15.364572
15.370191
16.842162
15.637696
15.19703
15.268463
15.337363
15.2026
15.281252
15.652352
15.479462
15.766482
15.650213
15.064844
15.56017
15.372447
15.675663
16.161806
15.629357
15.799857
15.679894
15.389902
15.481973
18.083262
15.410326
15.539081
15.505604
15.83773
15.457237
15.780756
15.217678
15.625111
15.917313
19.210394
15.347953
15.235906
15.577798
15.23129
15.276063
15.61885
19.021472
15.182463
15.437967
15.695048
16.199551
15.70567
15.245328
15.310833
15.355555
15.306415
15.367449
15.254934
15.573312
15.634382
15.431136
15.309785
15.91288
15.365825
15.821322
15.89218
16.340698
15.509846
15.714193
15.687135
18.764166
16.024317
18.524477
15.428372
15.849372
15.676802
15.510608
15.45964
15.333092
15.442939
15.516744
15.724102
15.617277
15.287556
15.111858
15.534778
15.410013
15.794242
15.377548
15.732223
15.674133
15.611143
15.653953
15.414914
15.613202
15.329948
15.37356
15.623868
15.598305
15.480148
15.481996
18.448307
16.3007
17.007126
15.713039
15.612488
15.689574
15.086819
16.078939
15.726438
15.923987
15.485146
15.147068
15.590905
15.701398
19.764858
15.407193
15.077946
15.275612
15.445411
15.57939
15.549382
15.560693
15.558394
15.244215
15.864774
15.162694
15.963392
15.536616
15.696398
15.342284
15.499482
19.095819
14.664849
15.249401
15.243994
15.474016
15.732539
15.595712
15.451376
15.96901
18.133254
15.60251
15.717127
15.558851
16.001633
15.955797
15.730704
15.431757
15.576965
15.708837
15.654349
15.719305
16.4341
15.625954
15.691728
16.08013
15.238023
20.223026
15.400791
15.502303
15.740226
15.937211
18.494676
15.446887
15.682587
15.717481
15.255645
15.691474
15.807533
15.764314
15.634521
15.320405
15.388128
15.439685
16.055655
15.685861
15.485657
15.782408
15.466893
15.804168
15.601235
15.911269
15.694795
16.565441
15.21656
15.507523
15.493356
15.786153
15.511261
15.316882
15.353321
15.681508
15.720391
15.751521
15.547519
15.363165
16.182879
15.859833
15.657921
15.566927
16.936765
15.25772
15.945107
15.639822
15.968231
15.891936
15.355257
16.096508
15.292111
15.755702
15.447208
16.22017
15.653755
15.489945
15.926374
15.542001
15.497132
15.594269
15.492383
15.7815
15.200521
15.499395
19.093242
15.882057
15.395998
15.465611
15.746005
15.967389
15.75919
15.935418
16.024874
15.840588
15.852542
15.914487
15.755156
16.185599
15.628146
15.577923
15.895324
15.140359
15.837368
15.393839
15.763335
15.036969
15.273337
15.762665
15.880343
15.635743
15.871466
15.282911
18.441943
15.213651
15.101208
15.875656
15.813186
15.549815
14.997557
15.581709
15.545621
15.565387
15.686948
15.620722
14.832393
15.273577
15.70882
15.084653
15.464573
15.794833
15.509016
19.350077
15.689657
15.374224
15.93751
15.646077
15.79696
15.366629
15.230774
15.383209
15.635429
15.381823
15.424539
15.817019
15.956276
20.075144
15.939826
15.295595
16.159865
15.864371
15.918413
15.729628
15.553811
15.371443
15.456575
15.664937
15.215526
20.516375
15.681594
15.428719
15.516595
15.544363
15.314198
15.70949
15.493541
15.712381
15.449986
15.545335
15.383096
15.126816
15.865164
15.440389
15.732577
15.357812
20.180825
15.877751
15.605693
15.790862
15.823874
16.226645
15.418986
15.720044
15.690463
15.354297
15.674351
15.404889
15.617212
15.27875
15.665802
15.547784
15.299335
15.692999
15.638222
14.976042
15.976658
15.844045
15.80712
15.71537
15.696957
15.643734
18.775591
15.815783
15.692126
15.96497
15.746616
15.519207
15.734691
15.476324
15.983282
15.164931
15.150356
16.007795
15.887538
15.135477
15.56637
15.075678
15.415279
16.04366
15.444199
15.592172
15.453628
15.60004
15.702673
15.864886
15.643219
15.991269
16.836502
15.570621
15.118754
15.264336
15.491362
15.310749
15.525705
15.769221
16.780997
15.482952
15.735701
15.347866
15.533814
15.432191
14.98399
15.43692
15.859214
19.353021
14.753202
15.792235
15.963356
15.547352
15.5
15.304719
15.593413
15.977047
15.537841
15.625777
15.973588
15.635035
15.626793
15.995785
15.475906
15.17656
15.403802
15.908085
16.177072
15.302518
14.866398
15.456144
15.146775
15.486565
15.719774
18.885291
15.361628
15.389082
15.773957
15.557563
15.886881
16.107186
15.58724
15.424716
15.400217
15.488582
15.553559
15.491135
15.236263
15.22241
15.390194
15.218155
16.100822
15.533392
15.494357
15.770164
15.806495
15.691979
15.481832
18.530603
15.573798
15.640548
15.6221
15.563737
15.512102
15.043269
16.433189
15.285065
15.45863
15.258482
15.733286
15.488827
15.254855
15.657802
15.21793
15.640101
15.392725
15.203047
18.057936
15.368819
15.311326
15.285608
15.498576
14.543802
15.697463
15.743321
15.399366
15.522172
15.426932
15.00876
18.947736
15.321376
15.536085
15.465758
15.50692
15.44458
15.426896
15.554864
15.594152
15.664815
15.803345
15.373629
15.43914
19.696608
18.338033
14.705772
14.88415
15.462366
15.52387
15.246476
15.171482
15.305031
15.063187
15.910791
15.503797
15.509821
15.980325
15.618826
15.637791
14.828249
15.358182
19.073178
15.622
15.653033
15.495814
15.723348
15.218498
15.737133
23.581932
15.429897
15.257606
14.833214
14.655709
15.137794
15.796404
14.884509
14.562407
14.750887
19.292663
15.305329
15.775446
15.556343
15.44151
15.017789
15.962291
15.269079
14.960041
18.586041
15.037696
15.227204
15.129825
14.998689
14.85327
15.184448
15.233814
15.29671
15.104515
14.923048
15.164225
15.646581
14.857293
14.699549
14.777255
15.014908
14.667893
14.741643
15.404274
15.415222
15.409288
15.590312
15.06362
16.24817
15.118767
17.496168
15.466636
14.633695
14.679371
15.133669
15.0391
15.304687
14.947306
15.532269
15.397648
15.018013
15.11262
15.102136
15.262991
15.564189
15.146476
15.178546
15.461802
15.10294
15.527025
15.348009
15.314363
15.569498
15.511165
15.477424
15.620875
15.886134
15.629231
14.548986
14.693805
14.552226
14.999805
14.557353
14.944519
15.147485
15.368931
15.319632
15.425839
15.218813
14.697557
15.564554
15.954424
14.608467
19.725214
15.489346
21.323909
20.942223
14.944669
15.064134
14.747777
16.112601
15.8435
15.790657
15.8093
15.921987
15.769399
15.82061
15.970727
15.694621
15.558495
15.546077
15.660766
15.131691
15.844273
15.367216
15.691581
15.830641
16.073686
15.8372
17.160703
16.518334
15.804045
16.02557
15.916101
15.800634
15.565956
15.49598
15.786337
15.436039
15.455659
15.65407
15.332112
15.597506
15.554842
15.204209
16.421024
19.453083
16.675558
15.905605
15.830562
15.723207
15.819685
14.541833
15.883322
16.045814
15.527421
15.008175
15.324069
15.491898
15.640801
16.28343
15.331137
15.130543
15.408481
15.799055
15.937306
15.528876
15.703882
15.173376
15.144455
18.611559
15.435938
20.671013
18.157709
15.44573
15.607077
15.832672
15.342361
15.578842
15.440335
16.275974
16.262759
15.815967
15.105764
15.328976
15.447313
15.718275
15.595512
15.31394
20.802461
16.230308
15.942923
15.897071
15.585975
15.748197
15.304873
15.978206
15.7154
15.488578
15.997991
15.450788
15.433335
15.830913
16.101764
15.089151
15.198196
15.448971
15.436688
15.550907
15.689491
15.542883
15.576814
15.015123
15.62351
15.370748
19.397556
15.541234
15.954224
15.012001
15.236992
15.778779
15.952446
15.70777
15.825754
15.418397
15.609673
15.880228
15.883604
15.845339
15.748395
15.595475
15.686841
16.296513
15.710966
15.533974
15.799132
15.950827
15.788914
15.336719
15.275995
15.829557
15.882642
15.964116
15.623936
15.604356
15.663317
15.735752
15.982175
15.373755
15.719989
15.457956
15.446156
15.606341
15.736159
15.701092
15.560775
15.751706
15.78414
17.705444
15.532029
15.754211
15.263796
15.379853
18.352272
15.570158
15.863511
15.585701
15.584284
15.804921
15.942792
15.662002
15.202019
15.237393
15.696663
15.755058
15.538612
15.867092
15.678516
15.462019
15.998182
15.758311
15.493863
15.669735
15.146498
19.51518
16.293015
15.620869
15.599594
15.576442
15.375586
15.552644
15.622075
15.709129
15.357889
17.697701
15.476079
15.965228
15.9657
15.958675
15.902941
15.555508
18.340585
14.809707
15.721324
15.805949
15.5409
15.888976
15.623172
15.522341
15.307264
15.483807
15.807424
15.908855
15.348093
15.700677
15.296808
15.39041
15.486878
15.357232
16.003564
14.785247
14.755788
15.739404
15.385853
15.209814
18.822595
15.356927
19.445256
15.765442
15.878648
15.604838
15.421885
15.65973
15.666474
16.062835
15.939261
15.723673
16.09012
15.434732
15.672905
15.538163
15.872441
15.671025
16.400021
19.714148
15.514347
15.493438
15.632943
15.694369
16.124028
15.641633
15.392597
15.638961
15.635388
15.61128
15.708199
18.045931
15.848183
15.657728
15.314251
15.284233
15.497519
15.676571
15.823812
15.348255
15.717692
15.74174
15.145759
15.930443
15.950231
19.102286
15.58835
15.865855
15.42707
15.853303
15.809456
15.656569
15.523724
15.612297
15.935968
15.982413
15.764136
16.111118
15.518987
15.778959
16.152075
15.440588
19.52024
16.194857
15.581884
15.589195
15.718324
15.598709
15.41521
15.73049
15.502235
15.365941
15.680241
15.739644
15.431836
15.869391
15.388046
15.653824
15.588737
19.324959
15.632754
15.380394
15.64442
16.149052
15.438573
15.873891
15.889152
15.634089
18.17338
15.406491
15.54853
15.483027
15.938946
15.261833
15.682306
15.792049
15.638674
15.695915
15.898286
15.716502
15.623551
15.550815
16.066106
15.640108
15.294602
20.37103
15.223241
15.905357
15.433799
15.537727
15.729516
15.681139
15.182222
15.697373
15.456352
16.007158
15.328144
15.728268
15.824312
15.44341
15.577911
15.582995
15.735548
15.916997
15.415418
15.150718
15.861689
15.655051
15.932868
15.547309
15.713604
17.560282
15.612119
16.021275
14.99579
15.634122
15.65077
15.680559
15.687995
16.013222
14.99615
15.524486
15.33005
15.616521
15.473947
15.60209
15.235719
15.394654
15.751833
15.430054
15.600704
15.127104
15.42964
15.514781
15.628782
16.877699
15.731858
18.400071
15.815145
15.665189
15.981975
15.249858
15.712206
15.485595
15.470306
14.900757
15.002161
15.867553
15.566276
15.588243
15.598692
15.293295
15.780201
15.877155
18.636574
15.508035
15.59761
15.544794
15.305584
15.504009
15.069454
15.487528
15.797354
15.407354
15.824948
15.514183
17.717437
15.264957
15.291631
15.628604
15.464478
15.177022
15.227816
15.659128
16.056056
15.62599
15.665751
15.217806
15.55877
15.69923
17.585096
15.207898
15.604962
15.432016
15.915857
15.602166
15.611879
15.76309
15.36952
15.776024
15.500812
15.724687
15.460678
15.691252
15.653343
15.822817
15.438663
19.3577
15.264051
15.789359
15.755493
15.644427
15.895357
15.441892
15.613634
16.493481
15.180014
15.80115
15.299765
15.496063
15.499397
15.455206
15.385679
15.57395
15.28684
15.359818
15.610284
16.064962
15.88876
15.782259
16.05494
15.614486
15.38904
20.112792
15.453642
15.632839
15.839634
15.8147
18.960416
15.318364
15.553235
15.339226
16.095086
15.828412
15.635441
15.665304
15.300478
16.180201
15.519449
15.192182
16.768002
15.727756
15.525901
15.508542
15.127859
15.439805
15.233598
15.884773
15.078838
17.975015
16.094399
15.373967
15.605487
15.603341
15.715335
15.189473
15.365141
15.137015
15.642283
18.842034
15.779573
15.435769
15.381397
15.855814
15.434819
15.009066
15.749856
15.507558
15.457383
15.272582
15.334991
15.467036
15.152575
15.228323
15.363122
15.363954
15.492988
15.71689
15.435733
15.427573
15.035719
15.771646
15.078191
15.722952
16.10727
15.608378
15.624598
15.68718
15.639841
15.415354
18.369709
15.413396
15.763187
15.06324
15.665288
15.272218
15.413468
15.796721
15.206109
15.896725
15.190745
15.290935
15.389776
15.751395
15.793633
15.598484
15.591005
15.951327
15.66106
20.222121
15.051663
15.563391
15.265784
15.674327
15.758004
15.318556
15.489985
15.510084
15.774611
15.863295
15.79848
16.984688
15.556298
15.841392
15.637146
15.235479
15.922522
15.915736
15.559454
15.201526
15.318829
15.741671
15.662404
15.599794
15.861058
19.173116
15.131727
15.54068
15.727746
15.574786
15.892221
15.580275
16.060916
15.790215
15.688365
15.182543
15.113938
15.645405
15.813445
14.60805
14.630025
15.358456
15.904484
15.730668
15.652025
15.671211
15.394854
14.619771
15.4894
15.366717
15.423812
17.232977
15.514181
15.621934
15.984388
15.726943
15.542617
15.508589
16.904849
15.052193
15.70555
15.591329
15.582759
15.05614
15.547161
15.618161
15.747504
15.639489
17.514724
15.414412
15.776244
15.590802
15.840612
16.176375
15.667904
15.684346
15.910415
15.524133
16.000579
15.51094
15.653743
15.804848
15.423693
15.810378
15.593401
16.020991
15.785529
15.566941
15.526432
15.535387
15.701533
15.910599
15.87894
15.927399
19.845142
15.688917
15.546934
15.283829
15.385666
15.622761
15.786642
15.876721
15.481612
15.103269
15.714108
15.010554
15.495804
15.728145
15.746429
15.504506
15.518621
19.72983
15.92188
15.378104
15.792055
15.620566
15.843943
15.534194
15.65362
15.419744
15.553533
15.679345
15.743844
15.361902
15.733313
15.766735
15.649947
15.423374
15.508899
15.558445
15.984947
15.946662
15.894458
15.55949
15.847781
16.001398
15.768004
18.975135
15.851382
15.780122
15.555627
15.988882
15.857227
15.95334
15.383755
15.745367
15.50289
15.934485
15.774378
15.713753
15.809894
15.845437
15.421478
15.724401
15.785364
15.817891
15.999557
16.003623
15.534637
15.668989
15.616508
16.02797
15.916426
15.944014
15.456076
16.307855
15.671871
15.525059
15.893745
16.552523
15.748444
15.474746
15.704198
15.656151
14.480349
15.725909
15.703239
15.963375
15.290833
15.651287
17.330378
15.632538
15.597803
15.732213
15.347663
15.523606
15.399146
15.510265
15.784659
15.810797
15.963068
15.295677
15.819316
15.916009
15.514301
15.589748
15.606305
15.330124
15.371468
15.890169
15.672866
15.917463
16.031347
15.32077
15.041499
15.753938
17.538876
15.397624
15.981972
15.450337
15.747047
15.616907
15.597738
15.490576
15.409922
15.607942
15.173035
15.559482
16.954771
15.532363
15.432638
15.381557
15.562632
19.165736
15.317403
15.735393
16.07845
15.582658
15.431074
16.253685
16.084668
15.8038
15.997196
15.489788
15.147027
15.4432
15.486446
15.290745
15.714951
15.867064
15.385778
15.58949
15.540191
15.546677
15.914183
15.35468
15.553996
15.668607
15.842703
19.955851
15.741109
14.944038
15.384452
15.517978
14.67989
15.404587
15.438393
15.634113
15.300419
15.290672
15.714172
15.954373
15.424563
15.682449
15.026592
15.142127
16.132806
15.785321
15.696497
15.753573
15.465698
15.365115
15.812184
15.482645
15.547528
15.490348
16.517649
15.390507
15.780831
15.991018
19.678141
15.360674
15.500068
15.489412
15.746382
15.732802
15.375202
15.177163
15.632277
15.774998
15.563393
15.508783
18.035674
15.260028
15.793664
15.647835
15.265237
15.795997
16.011178
15.645824
15.59474
15.422932
15.581145
15.57082
16.47845
15.701722
15.211717
15.686493
15.744092
15.230415
15.716863
19.055796
15.834976
15.685284
15.342388
15.239589
14.813716
15.88412
15.994686
16.060017
15.622156
15.834325
15.566732
15.607833
15.823292
15.826907
15.454795
15.545395
15.708573
15.282777
15.60016
15.854838
15.488743
15.806893
15.714095
19.948814
15.518334
15.839763
15.950834
15.724449
15.659736
15.327993
18.779583
15.844585
15.461533
15.42218
15.83063
15.568764
15.898602
15.616101
15.391098
15.911849
15.435771
15.795874
15.7983
15.68583
15.653077
15.259046
15.343749
15.659266
15.737743
17.98029
15.68285
15.880648
15.219702
15.43893
15.612436
15.964295
15.717335
15.79721
15.336988
15.764513
15.707569
19.445434
15.585336
15.312959
15.763883
15.518208
19.227017
15.702816
15.554271
15.154414
15.708473
15.804205
15.283771
15.707812
15.795569
15.131941
15.762682
15.355055
15.66861
15.560401
15.809631
16.08187
15.717169
15.640476
15.401618
15.571293
15.669887
15.345645
15.317279
15.547351
15.63647
15.596867
19.443119
15.301856
15.670653
15.36509
15.68358
15.695061
15.2953
15.466894
15.082787
15.649942
15.741211
15.629899
16.060804
15.376621
15.550949
15.411242
15.935025
15.356228
18.67683
19.454329
15.348801
15.841176
15.610897
15.823799
15.919206
15.354182
15.894838
15.420758
15.894044
15.589009
15.802633
19.897782
15.97033
15.859415
14.963827
15.791102
15.64508
15.667091
15.364163
15.660407
15.684843
16.186554
15.977579
19.135248
15.471604
15.967559
16.021595
15.602215
15.539586
14.878231
14.787244
15.323708
15.881402
15.630973
15.693642
15.371565
15.805879
15.577764
15.462103
15.708358
15.825132
15.885358
19.369626
15.391443
15.320334
15.722482
15.351806
16.217776
15.79802
15.733972
15.312505
15.738871
15.525351
15.568418
15.307462
15.670042
15.675697
15.453745
15.619188
15.382738
15.475273
15.316126
15.875682
15.152355
15.882381
16.005124
18.074105
15.761473
15.991154
15.910991
15.72057
15.873347
15.539699
17.578495
15.455153
15.462326
15.499531
16.179504
15.627577
15.208754
15.51478
15.453307
15.460567
15.964842
15.962681
19.783764
23.036195
17.991276
15.398014
15.848018
15.641997
15.952008
15.494509
15.527699
15.596034
15.751981
15.507274
15.326579
15.837187
15.749573
15.877632
15.50037
15.624439
15.801699
16.014855
15.91689
15.453093
15.53396
15.355248
17.048298
15.079723
15.585077
16.588423
15.739128
15.726853
15.614832
15.714539
15.83911
16.136611
15.72406
15.638138
15.939666
15.423884
15.529457
15.563267
15.174871
16.002406
15.714256
15.833646
15.803638
15.278721
16.042261
15.848739
15.711649
15.994541
19.178343
15.700854
15.568311
15.740087
15.951963
19.298126
15.602687
15.833
15.766027
15.790082
16.083883
15.52995
15.507918
15.966133
15.220795
15.647746
15.255967
19.23727
15.537687
15.823905
16.384905
15.250178
15.81682
15.96646
15.705809
15.531576
15.697924
15.910497
15.652987
15.600622
15.338253
15.764971
15.470483
15.113577
15.553413
15.870834
15.614083
15.619087
15.47833
15.79443
15.68121
15.75709
16.241085
15.765397
15.54555
15.728819
15.687278
15.830181
15.224517
15.869931
15.77002
15.732393
15.672491
16.043462
15.853538
15.614075
15.606267
15.219478
15.801574
14.730256
19.382944
15.201733
16.026935
15.389138
15.278978
15.5096
15.750911
15.505481
15.787081
15.930916
15.123063
15.865723
15.734658
15.424648
15.84876
15.223419
15.523329
15.786231
15.526811
14.581571
15.353572
15.597952
15.785724
15.690325
15.576451
15.812469
18.636698
16.077563
15.896715
15.903233
15.977338
15.93009
15.939042
18.152804
15.657386
15.262029
15.591959
15.533524
15.612101
15.665613
15.617403
15.399005
15.942368
20.623164
15.505611
15.616603
15.46218
15.71442
16.178289
15.927268
15.823271
16.058719
15.982443
15.731765
16.195274
16.053472
15.550753
16.139607
15.357261
15.788554
15.586549
15.236488
15.777989
16.135426
16.073692
16.149129
15.902669
16.532922
15.863142
19.054424
15.708569
15.480655
15.656783
15.885382
16.130759
19.654528
16.116813
15.759011
15.679921
15.686699
15.098944
16.318953
15.853281
15.715417
15.870204
15.671583
19.063751
15.574425
15.638387
15.823222
15.679895
15.539126
15.62097
15.532909
15.22895
15.978841
15.460688
15.590524
15.49566
15.680018
15.744599
15.369166
16.270661
15.520782
15.589314
16.847081
15.863599
15.338014
15.833582
16.153322
16.622404
15.710171
15.762478
15.784602
15.904506
15.430188
15.484107
15.78578
15.460172
15.881618
15.802095
15.695457
15.792366
16.033165
15.885178
15.541262
16.205405
16.031307
15.598286
19.734579
15.681004
15.516635
15.842652
16.032306
15.96833
16.243332
15.759576
15.856478
15.687472
14.996673
15.703484
15.384026
16.033529
15.65613
15.7001
16.158392
15.429293
15.529403
15.602092
15.376854
15.724898
15.771405
15.416485
15.515019
15.637658
19.200928
16.004544
15.703231
15.652016
16.007966
15.535822
15.644579
15.580635
19.341407
15.841606
15.731104
15.686045
15.397388
15.720573
15.59782
15.695061
15.046913
19.826748
15.651508
15.999007
15.697845
15.750841
15.576556
15.706886
15.769924
15.85656
15.424024
15.685953
15.95909
15.964797
16.450766
15.911764
16.058049
15.548184
15.959555
15.931871
16.034581
15.869593
15.858879
15.66888
15.836091
15.464712
15.829279
19.576884
15.29572
15.723847
16.144727
15.568055
15.715577
15.262902
15.715544
15.748742
15.865426
15.627689
15.609439
15.534548
15.917365
15.540774
15.445786
15.478528
20.407153
15.73322
15.594822
15.571905
15.431381
15.698217
15.457262
15.54946
15.696967
15.650104
15.550138
15.511998
15.537588
15.86958
15.850899
15.049605
15.214341
15.894375
15.776666
16.228545
16.043152
15.853399
15.52894
15.644366
15.704316
15.628528
20.0217
15.783185
15.597201
15.928403
15.533132
15.539722
16.163744
15.976634
15.679837
16.262168
16.14284
15.516666
16.259729
15.604384
15.767105
16.023633
15.694135
19.501017
15.719448
17.820072
15.955017
16.034447
15.928764
15.991419
15.381067
15.927979
15.873899
15.893894
15.992106
15.624317
15.996643
15.447481
15.050699
15.808882
15.703677
15.722157
16.106173
15.983405
15.925011
15.749676
15.627042
16.501578
15.846324
17.815519
15.980222
15.975703
15.827816
15.805786
15.84511
15.990441
19.25349
15.738004
16.021263
15.754045
15.657582
15.202858
15.978738
15.809517
15.509755
15.309756
20.349736
15.844172
15.60516
16.002076
16.071356
15.966592
15.658219
15.580487
16.104948
15.780815
15.646256
15.916432
15.645661
15.939086
15.869633
15.992349
15.892972
16.000073
16.007896
16.316088
15.934865
17.161553
15.838152
15.83418
16.402941
15.930883
17.563121
15.679636
15.480172
16.055807
15.654388
16.055378
15.959003
15.426392
16.147869
15.799711
15.684384
15.491989
15.580312
15.664301
15.620442
15.599416
15.781163
17.201166
15.893722
16.023476
15.937417
16.109187
15.96412
15.605485
15.587913
15.765622
16.529663
15.873279
15.97342
15.651203
15.731764
15.635009
15.756488
15.863867
15.902431
15.502681
16.317172
15.759194
15.374793
15.701162
15.548111
15.543546
15.548792
15.768056
15.602997
14.743968
16.03844
15.985643
15.781069
15.705683
15.786264
15.422899
15.955946
15.770275
15.86639
15.940973
15.963754
16.947315
15.861865
16.404809
18.636511
16.018608
15.696742
15.975729
14.688352
15.823426
14.705359
15.918765
15.977068
15.827738
16.030448
15.662811
15.686823
16.049509
15.42269
16.000112
15.986231
15.343152
15.700768
16.441532
15.705889
15.247103
15.631089
15.666434
16.770715
15.688346
15.679172
15.689121
15.85528
15.981404
15.774939
15.771923
15.740752
15.604594
15.701396
15.811547
15.334055
15.795377
15.734009
15.739338
16.175679
15.583262
15.235835
19.80426
15.645696
16.040243
15.843898
15.720104
15.496593
15.385826
15.60275
15.498787
15.719441
15.462285
15.464199
15.482223
15.606148
15.864268
16.145854
15.719978
15.923373
15.69263
15.929992
15.659195
15.491955
15.64726
15.540908
15.413206
15.710962
20.057366
15.653728
15.472916
15.61697
15.425921
15.620884
15.377022
15.716318
15.756909
15.506926
15.234583
15.646732
15.864916
15.616314
15.723074
15.584086
15.616864
19.183731
15.612345
15.690672
15.373336
15.717226
15.72074
15.613579
15.745494
15.452909
15.438839
14.998258
15.739179
15.718547
15.713219
19.678522
16.144367
15.857349
15.757654
16.169547
16.330053
15.187906
15.60681
15.581036
15.551487
16.104067
16.396654
19.437417
15.142481
15.583992
15.771923
15.912262
15.771076
15.731314
15.627399
15.577329
15.395397
15.539733
15.577361
15.179048
16.268981
15.549092
15.506835
15.883917
18.671882
15.81456
16.781201
15.694398
15.51165
16.049408
15.479252
15.849845
15.337887
15.170256
15.836683
15.974497
15.915559
15.577061
15.493059
15.662815
15.785925
15.816983
15.559681
15.346121
15.764019
16.076272
15.981988
16.175291
15.833546
16.507781
20.043988
15.684559
16.012346
15.657116
15.588468
15.690788
15.9717
16.075175
15.389672
15.814251
16.564935
15.957641
15.821875
15.058743
15.596478
15.59043
15.609337
16.097123
15.602392
15.535566
15.589333
15.548522
15.346214
15.542441
15.456045
15.386882
15.788629
15.748391
15.751283
15.529551
15.324338
15.729897
15.744576
15.735272
15.859172
15.614708
15.554198
15.740259
16.638931
15.641802
15.729379
15.567344
15.17741
19.985948
15.24962
15.688173
15.421223
15.536274
15.403826
15.338293
15.962392
15.41274
15.676937
15.655373
15.643478
15.882297
15.74801
15.653186
15.816566
15.481119
15.835182
15.752681
15.211705
15.472702
15.840867
16.148057
15.439499
15.724111
16.252343
17.815103
15.496216
15.828729
15.800032
15.770233
15.90196
15.511196
15.427362
15.799493
15.69692
15.625347
16.435856
15.821895
15.387974
16.323799
15.258867
15.422469
20.068028
16.17395
15.930648
15.609514
15.626451
15.691446
15.396699
15.708826
15.846403
15.892501
15.692786
15.307713
15.428472
15.758945
15.970523
15.616706
15.330496
15.879648
15.564166
15.637735
15.949643
15.825904
15.839349
15.787533
15.778419
15.869347
17.674813
15.451496
15.827014
15.597683
15.638511
15.291635
15.116363
15.91475
16.207245
15.699506
15.648998
15.761722
15.489284
15.47993
16.01424
14.781101
15.304638
20.046595
15.558618
16.215826
15.598207
15.503394
15.584746
14.936257
15.75927
15.760976
16.047227
15.732696
15.954439
15.901694
15.883052
15.510586
16.072799
15.41018
15.703845
16.03127
15.920743
15.891939
15.975282
16.059956
15.534299
15.752207
15.37021
20.307004
15.745037
15.634472
15.535625
15.501231
15.254521
15.684896
15.783427
15.795726
16.24357
15.686654
16.064962
15.570945
16.111747
15.884867
15.590276
15.572026
20.099491
16.268758
15.828873
15.89653
15.952188
15.992819
15.666927
16.080959
16.011361
15.87009
15.842522
15.547705
15.455374
15.834206
15.627064
15.678935
15.966088
15.618469
15.702486
15.351068
16.098046
15.581016
15.577933
15.575865
15.579171
15.598412
19.660777
15.353971
15.729266
15.444491
15.59886
15.784827
15.696541
15.786625
15.41494
15.827186
16.099911
15.664608
15.485262
15.346776
15.686891
15.855366
15.556392
18.652445
15.760084
15.64503
15.526497
15.727181
15.611371
15.936984
16.110495
15.831812
15.797872
15.768262
15.574681
15.715157
15.673701
15.366865
15.790265
15.608107
15.628347
15.717466
15.318879
15.511981
15.608677
15.880092
15.749037
15.456027
15.549742
15.97844
15.817123
15.7927
15.623892
15.589027
15.793929
15.769643
15.653624
16.002656
15.713358
15.323318
15.267668
15.606084
15.721166
15.794988
15.683915
15.931986
15.396252
16.0336
15.886231
15.772789
15.668414
15.665461
15.468665
15.624039
15.70992
16.053782
15.643862
15.716251
15.750802
15.517978
15.512632
15.652121
16.029929
16.101331
15.107005
15.358437
15.767123
15.8952
15.978235
15.993486
15.754469
15.882154
18.137588
15.51034
15.939846
15.447166
15.721571
15.790183
15.26523
15.874481
15.946134
15.580582
15.639666
15.599272
15.86838
15.350476
15.457799
15.795478
15.811743
16.007222
15.450045
15.791388
15.625059
15.806394
15.5954
17.406385
15.818396
16.027241
17.766285
16.017594
15.706583
15.359192
15.452379
15.391216
15.603506
15.8288
15.487331
15.733111
15.756152
15.641708
15.823561
15.24227
15.649438
15.384366
15.30363
19.004318
15.8694
15.765121
15.182416
15.502397
15.348251
15.801431
16.778901
15.780085
15.588745
15.625121
16.092681
15.245591
15.630005
15.456365
15.654629
15.584702
15.922404
15.657328
15.937495
16.242228
15.569708
15.373964
15.90001
15.609883
15.770937
19.576164
15.612005
15.589505
15.675366
15.930468
15.809709
15.703209
15.631454
15.254462
15.412351
18.630528
15.39555
29.05551
15.940278
25.434041
21.877767
17.329058
24.115266
19.894007
17.256449
25.352868
16.236492
22.211819
22.20791
16.48101
25.22963
32.956608
15.582578
21.841691
24.868934
16.321371
22.753286
24.89675
19.547591
16.086333
15.391256
16.429456
15.510501
15.913102
15.890632
15.600486
16.281518
20.055155
15.544758
15.806605
15.884417
15.799289
15.812897
15.981043
15.846409
15.824344
15.605806
15.783029
17.3866
15.30872
15.443916
15.699125
15.6499
15.280575
20.866148
16.051293
16.136526
15.428879
15.599052
16.135043
15.595932
16.104081
15.612442
15.107106
15.722781
15.636334
16.056416
15.907481
15.887136
15.613441
15.754455
15.68629
16.129688
15.942682
16.242844
15.263285
15.709481
26.990853
24.875281
15.136446
15.305566
15.855097
15.463766
15.427704
15.856627
15.860382
15.896692
16.075785
15.959491
16.109316
15.589257
16.01719
15.862168
15.210357
16.443644
15.811418
15.621787
16.132258
15.574507
15.56268
15.252232
15.67536
15.979743
15.782279
15.996282
15.48708
15.65471
16.145626
15.381766
15.522654
16.100353
15.965047
15.607498
15.516297
19.684674
15.592395
15.225267
16.415632
15.719669
15.457921
15.983027
15.595245
15.777252
15.561869
15.929329
15.587397
15.486622
15.527743
15.825989
14.772157
15.641588
15.681422
15.579271
15.935866
15.960009
15.519647
16.062687
15.512093
15.186
15.813578
20.456178
15.641577
15.813348
15.853229
15.631344
15.812399
15.846619
15.464615
15.686438
15.386263
16.006335
15.499689
18.064359
19.095666
15.682568
15.867492
15.483918
20.219548
15.262191
15.554541
16.084653
15.896228
15.858548
15.696008
15.503498
15.960531
15.715358
19.527036
20.406968
19.824384
15.431052
15.430182
15.887458
15.316075
16.273019
15.357483
16.106623
15.821239
15.493985
15.706918
14.672001
15.847257
17.89034
15.808728
15.631277
15.930431
14.859149
15.856723
16.163607
16.796159
16.0343
16.037199
15.430716
15.949147
15.60813
15.806477
15.444727
15.509776
16.038633
15.961889
17.784391
16.057553
15.840856
16.206926
15.87546
15.728555
15.955789
15.749845
15.613053
16.203234
15.767941
15.623151
16.354665
17.287819
16.19141
15.29156
15.764962
15.829966
15.475033
16.099368
15.488668
16.072453
15.728389
15.749531
15.456342
15.674913
17.569585
16.028855
16.005599
15.541217
15.989574
16.071276
15.735623
16.123915
15.726459
15.680412
15.71099
15.933653
15.520418
15.576265
15.848718
15.638455
15.725099
21.488195
15.974355
15.74895
16.362482
16.04891
15.442883
16.007752
15.598841
15.550484
15.923467
15.682408
16.023542
16.249306
15.986113
15.877015
16.026073
15.670263
15.628055
15.575757
15.847511
15.920416
15.912555
16.034732
15.744262
15.476992
16.218698
15.743006
16.125602
16.17579
15.59143
15.917452
15.757784
15.78495
15.848706
15.583241
15.822422
15.981256
15.851364
15.489438
16.078432
15.655455
15.640529
15.371839
18.769194
16.383434
15.956863
15.744568
15.827339
15.691705
15.73683
15.555077
16.143134
15.909737
15.793243
15.92958
15.65347
16.112748
15.990472
15.863988
16.003882
15.866347
16.143906
15.628881
15.516721
16.001923
15.596227
15.721388
15.770207
16.088792
18.4771
15.734986
15.796944
15.832283
16.475448
16.377815
15.831346
15.991371
15.878964
15.469461
16.051453
15.683659
16.161023
15.999192
15.765511
15.856721
15.934628
17.764361
16.138716
15.861688
17.185349
15.845209
15.544648
16.197207
15.97887
16.1842
15.99133
16.033016
15.919443
16.141937
15.801731
14.926841
15.259795
15.743851
16.013409
16.214696
15.384272
16.047209
16.440674
15.991739
15.988803
16.134649
16.006714
15.416667
15.732031
15.586368
15.788792
15.90361
15.457809
15.746661
15.706616
15.453803
15.714496
15.479102
15.872487
15.826085
15.456863
15.899788
15.281821
15.654117
17.796914
16.033489
15.612257
16.130708
16.024503
15.907917
17.020833
15.810876
16.195723
16.064796
15.829728
16.288024
16.124278
16.09234
15.945997
15.70708
15.904033
15.921561
15.923292
16.238672
15.902746
15.753959
15.921004
15.203918
15.674119
15.936071
15.287177
15.762361
15.898896
15.793346
16.082646
16.176348
15.956417
16.01584
15.680345
15.741613
15.730497
16.341096
16.37095
15.624583
15.541405
15.980345
15.923357
18.909148
15.668603
15.546703
15.642109
15.705034
15.383977
15.607822
15.70116
15.453999
15.875138
15.752848
15.976149
15.848952
15.655778
15.377835
15.622948
15.651161
15.722113
15.593568
15.831027
15.601109
15.678993
15.72549
15.547123
16.110176
15.848152
17.938494
15.846769
15.865626
16.035874
15.966399
15.600697
15.660917
15.512528
16.081192
15.415764
15.620556
16.597807
16.19078
16.00866
16.214962
16.364562
15.944272
17.791457
16.02402
15.646157
15.99762
16.000774
15.942909
15.592981
15.752253
15.962473
16.013889
15.893242
15.923857
15.392243
18.967319
15.536709
15.649143
16.148178
15.744717
15.89056
15.605016
15.86503
16.069456
16.128448
15.781494
16.109356
15.89144
16.809298
15.797264
15.778901
15.622613
15.541108
15.659886
17.811694
15.913428
15.108662
15.381718
15.74445
16.106233
15.870908
15.685635
15.675567
15.837728
15.727673
19.11489
18.946646
15.961635
15.887276
15.952611
15.72026
15.738773
15.753042
16.078139
15.847212
15.615201
16.035245
15.510482
16.018138
15.834016
15.753311
16.017633
16.384018
16.121933
16.120819
16.21834
16.115307
15.531087
15.815905
15.345924
15.910758
15.722044
15.268292
16.102886
15.713238
15.625916
15.825645
17.261259
16.0574
15.706478
15.585797
16.09201
16.013582
15.903194
16.059708
15.876563
15.70718
15.598347
20.749395
16.130923
15.742073
15.775555
15.983651
16.012542
15.90255
16.158991
15.663504
15.866676
15.730467
15.451504
15.683626
15.565533
15.094948
15.891983
15.665397
15.998365
16.132746
15.636583
15.580191
15.297404
15.658551
15.641147
15.749518
16.185677
15.688784
15.914872
16.084711
16.10388
15.697794
16.060658
15.884833
15.309521
15.539808
16.594196
19.3177
15.703266
16.123728
15.812596
16.227999
15.753932
16.024858
19.055957
15.557816
15.871878
15.921254
16.413105
15.799176
16.158951
15.629795
15.622324
16.207928
15.626203
15.743867
16.285712
16.080728
15.713105
16.341597
15.458104
16.60104
16.514785
15.886234
15.979825
15.349918
15.139119
16.043459
15.064625
15.783671
15.997748
16.118761
15.485415
15.39442
15.830291
15.701989
15.539551
15.273806
15.519712
15.751828
15.66911
15.250577
16.080148
15.713567
15.413405
16.046506
15.339802
19.656885
15.691933
15.677019
15.983358
15.370668
15.650152
16.771993
15.838371
15.444177
15.825306
15.798551
16.012763
15.909187
15.949769
15.742839
15.90851
16.045847
16.194825
15.952874
15.632794
15.640377
15.808339
15.771784
15.973272
15.939436
15.834198
16.004747
15.859512
15.840797
15.788256
15.895268
15.95919
15.79819
16.086574
15.57428
15.343703
15.894611
16.054252
15.803859
15.885222
16.137947
16.007265
15.82505
18.347354
15.763617
15.893462
15.736179
15.814072
16.336993
15.714716
15.792529
15.641471
15.92082
15.593221
15.901384
15.799242
15.639158
15.68143
16.127117
15.825921
16.216705
15.988005
15.829651
15.850416
15.967184
15.77552
15.769456
15.900869
17.051848
16.26376
15.756194
16.016326
15.961377
15.45713
15.575718
15.678855
15.929575
16.03223
15.866822
15.471177
15.936927
16.180509
15.714151
16.000248
16.363818
16.073601
20.528478
15.834911
16.19211
16.288992
15.773458
16.368554
15.738498
15.81928
15.775662
15.892202
15.83253
15.923611
16.057673
16.275242
15.808307
16.001321
16.114111
16.267704
15.916094
15.454249
15.280156
15.872702
15.858126
15.862132
15.547946
15.787575
15.983583
16.00877
15.105127
15.611184
15.876576
17.092908
15.631009
16.004336
15.821036
15.533378
15.953524
16.026075
16.090573
15.782881
16.087878
16.348274
15.489633
21.533561
20.224821
15.606042
16.049653
15.878352
16.102013
15.673589
15.601364
15.590184
16.212284
15.503837
15.416951
15.708826
15.788399
15.817311
15.975715
15.629921
20.22721
16.132479
15.959148
15.881205
15.971488
15.920294
15.935315
16.21626
15.772023
16.007994
15.822354
15.773291
15.712567
15.831351
15.910249
18.063375
16.083281
16.207708
15.709471
15.943411
15.817186
15.941156
15.842212
14.994145
15.939231
16.187804
18.564482
16.148905
15.714853
15.99304
15.795724
16.417296
15.748963
15.592656
19.151831
15.833577
15.884884
16.396953
15.852195
15.945892
15.922205
15.382679
15.695776
18.612271
15.882862
16.08711
15.697255
15.714092
16.013067
15.677916
15.943967
15.786814
16.063636
15.841785
15.579992
15.584742
15.978486
15.990352
15.491746
15.816539
15.934087
15.731307
15.737163
15.903367
15.856509
15.611654
15.780562
15.755617
15.606034
17.24245
16.295813
15.872187
15.902507
16.071867
16.315119
15.955067
15.793942
15.61046
15.555236
15.550984
15.463218
15.720471
15.984729
15.612451
15.999761
16.264772
18.901034
15.693774
16.291764
15.850497
16.062814
15.806365
15.766304
15.890784
16.015106
16.056355
15.964896
15.845236
15.690413
15.874184
15.408003
15.86625
15.796298
15.649727
15.905081
15.365666
15.802973
15.887943
15.844233
16.055013
15.876044
15.960334
17.544713
16.089604
16.25132
15.533286
15.648953
16.654914
15.878932
16.014412
15.890807
15.825084
16.173535
15.987994
16.083806
15.976129
15.890418
15.660291
15.565951
17.484411
15.535878
15.747237
18.239614
15.641003
15.923294
15.699856
15.608541
15.986367
16.113996
15.881942
16.19029
15.825008
15.654249
15.671544
15.794911
15.549345
15.671842
15.615815
15.761529
15.789998
15.512684
15.723745
15.737645
15.463066
15.235547
16.992824
15.651591
15.806791
15.640273
15.660808
16.169635
15.88999
16.001523
15.72823
15.677301
15.606767
15.997518
15.746146
15.904325
16.138724
15.962653
16.041754
19.499719
15.41023
15.098694
15.518708
16.093287
16.782504
16.002797
15.845597
19.383472
16.032997
15.861833
15.885685
16.19432
15.70532
16.057892
15.895873
15.867712
15.845699
15.967068
15.819793
15.574323
16.284607
15.875175
15.876029
15.73887
16.059509
18.132355
15.886077
15.757001
15.777296
15.516264
16.908445
15.55129
15.806261
16.09765
16.051301
15.617803
15.628073
15.793331
19.169403
16.073117
16.237948
15.861235
18.791132
15.620498
15.627911
15.472504
15.571396
15.205455
15.602414
15.895409
16.226241
15.795118
15.144692
15.568607
15.996337
15.829487
15.718643
15.744809
15.870891
15.831791
15.525483
15.908857
15.424416
15.810896
15.705511
15.269513
15.635247
15.871224
16.377649
18.695321
15.424693
16.350768
15.657265
16.800282
15.729681
15.76488
15.595977
16.462645
16.131812
15.611311
15.995455
16.207809
15.979181
15.967436
15.795343
17.192134
16.052119
15.879705
16.022424
15.964966
16.083803
15.969744
16.676507
15.817659
16.001537
16.348177
15.951778
16.128145
16.401114
16.106472
15.891374
15.941125
16.271775
15.444045
15.897831
15.331616
15.708958
15.59206
15.431342
15.957325
15.793244
16.204627
16.008597
15.648644
15.609953
15.962226
16.583411
15.875793
15.376328
16.292319
15.848904
15.379023
15.562572
15.782857
15.716094
15.855
15.05373
15.657666
19.882569
15.643921
14.88702
16.077368
16.028511
15.763984
15.666353
15.802528
15.566503
15.759252
15.532626
15.439139
15.819124
15.703597
15.789201
15.619358
16.320529
16.054577
15.933259
15.822155
16.159545
15.941007
15.754245
15.886853
15.947894
16.157157
15.462362
15.427132
15.818337
15.426351
15.495546
15.684485
15.938484
15.957309
16.049873
15.79622
16.132297
15.730646
15.774842
15.525249
15.876039
15.667908
15.781401
18.274493
15.875707
15.795664
15.462645
15.944356
15.761338
15.767949
15.727068
15.817474
16.445246
15.695305
15.900153
15.436565
16.174211
15.666215
15.768745
15.758928
15.713137
15.498938
15.640679
15.54064
16.005241
15.607484
15.902093
16.20139
15.832448
16.390859
15.840478
15.931859
15.981835
15.508376
15.762599
15.696276
15.890797
15.715965
15.991581
15.580008
15.635899
15.724207
16.092375
16.067953
14.996492
16.502099
19.9542
15.989323
16.050065
15.912516
16.07289
15.83874
15.666458
15.867661
15.659769
15.442216
16.006444
16.051628
15.968116
16.249232
15.908355
15.965796
16.056039
16.511024
15.886381
16.22057
15.725402
15.38446
15.531016
15.26602
16.106191
15.595363
15.623696
15.892192
15.895602
15.634942
15.474508
15.787953
16.256412
15.77952
15.388432
15.526565
15.520275
15.533617
15.797262
16.10264
15.96149
15.761328
15.922018
19.558602
15.835799
15.679467
15.896354
16.086387
16.000892
15.977742
15.963701
16.295457
15.770733
15.926732
15.826015
15.885658
15.68427
15.406851
15.639451
15.547614
15.403966
15.56122
15.582804
15.700082
15.630889
15.879712
16.232597
16.071395
16.23885
15.839953
16.188125
15.866467
15.952178
15.987818
16.088795
16.010995
15.284551
15.598259
15.636789
15.711895
15.718949
15.966903
15.745814
15.682938
15.65272
15.657207
17.437815
16.072328
16.072775
15.887118
15.777355
15.599257
15.995813
15.48269
15.48812
16.015672
15.54478
15.833953
15.76147
15.618761
15.758505
15.955913
16.163742
15.846288
15.99141
16.279992
15.851706
16.444959
16.20233
16.408952
15.662803
16.104851
17.706958
18.640586
17.255022
16.28417
15.566552
15.747273
16.71692
15.875466
16.10394
15.823378
16.097456
16.021399
16.05063
15.92908
16.194832
15.802834
16.178264
20.440368
16.224674
16.358319
16.042042
15.626088
17.592271
16.24555
15.963643
15.982968
15.78889
15.784323
15.880649
15.770194
15.476635
16.011345
18.63946
16.191421
20.622683
15.875358
15.605263
15.898892
16.010492
16.066399
16.332973
15.910025
15.9604
16.253159
16.129809
15.869156
15.609053
16.103508
15.866559
16.163449
16.005006
16.819531
15.958676
15.953286
16.017393
16.246931
15.964661
16.381753
16.278612
15.894499
16.778252
15.758131
15.645203
16.084588
16.013713
16.10836
15.89612
15.978636
15.881742
16.039194
16.286423
15.962739
16.134829
16.565105
16.0783
15.723593
15.879702
17.986013
15.827866
16.207313
16.075958
15.584674
15.724829
15.868012
16.347725
16.011047
15.887393
16.220711
16.164383
16.403117
16.239816
15.668109
16.79865
16.389431
16.013138
16.327103
16.03013
16.047717
16.298552
15.768411
16.054904
16.115819
16.49705
16.117178
17.297968
15.712876
16.0052
15.487865
15.860234
15.455956
15.776632
15.90671
15.572744
15.771536
15.38584
15.765335
16.205181
16.105059
16.08414
16.462953
19.658237
16.493544
15.951212
15.614282
15.912789
16.360033
15.792962
15.846562
15.795296
16.351605
16.231378
16.179354
16.365452
16.116816
16.086803
20.533563
16.231192
20.920869
15.821365
16.721627
15.486431
15.927054
16.003363
16.119418
15.912513
15.719672
15.600795
16.05284
15.76989
15.865725
15.712815
16.131959
16.013968
16.004356
16.057951
15.897527
15.702654
16.291868
16.04149
16.10212
16.075566
16.170464
15.719969
16.803952
15.724838
15.837314
16.169249
16.266286
16.012721
16.268652
16.379355
15.991254
15.680432
15.937768
15.989611
16.025864
15.71659
16.436058
16.575924
16.078879
18.351368
15.95055
15.738672
15.460993
15.679643
15.787416
15.475168
15.696249
15.916055
16.490625
16.625558
16.205105
16.311696
15.82369
16.005677
16.105874
15.959646
15.757732
15.685012
15.515219
15.780608
15.731657
15.686632
15.902649
16.108111
16.127593
18.19034
16.810161
16.050848
16.006815
16.294202
16.223126
15.984947
16.171217
16.103604
15.850615
15.799784
15.78704
15.448503
15.799715
16.03308
15.502874
16.241052
22.620601
16.040161
15.656869
16.299567
16.242909
16.367422
15.893933
17.447014
15.616404
16.042614
16.281268
15.795671
16.205145
16.137841
16.348941
19.092516
16.353397
20.153226
16.063111
16.160064
16.377678
15.779009
15.865817
16.508858
16.274319
16.233652
16.477421
16.226569
16.322957
15.563478
15.982499
15.976346
15.878584
15.867205
15.73017
15.894387
16.120815
15.965674
16.178537
16.117877
15.780823
17.098745
16.045539
16.301136
15.847497
15.937241
16.676332
16.264375
15.735739
15.732727
16.15458
15.705007
15.648051
16.390167
15.918645
16.072751
16.096679
16.074234
16.269635
16.120688
17.232161
15.837064
15.724867
16.116982
16.012276
15.756418
15.837648
15.899633
15.775156
15.535881
15.814845
15.95427
16.149723
16.139134
16.477163
15.676396
15.860556
16.346711
15.698097
15.878634
15.943266
15.851585
15.689549
16.246265
16.536164
16.17228
15.729167
16.291896
16.178122
15.484962
15.872727
15.417048
16.06993
15.490602
15.755647
15.390755
15.749351
16.025139
16.531678
15.882371
16.148439
16.09544
15.741362
18.193397
15.942345
15.922802
16.252055
16.138585
15.97003
15.880419
16.259644
15.790839
15.348841
15.609423
15.637135
15.487478
15.862684
15.566688
16.673246
15.955981
16.315867
16.049559
15.954102
16.055817
16.060612
15.973113
15.959561
17.036978
15.892754
15.869685
15.945317
15.969761
15.544862
15.72929
16.027354
16.335661
16.235238
16.368775
16.127813
16.192484
15.885323
15.796446
16.117868
15.918704
16.344272
16.193916
18.975242
16.018517
16.211074
18.2785
15.9555
15.745842
15.896765
16.105765
15.881039
16.43898
15.627113
16.627808
15.991534
16.482829
16.059435
15.952701
16.095532
20.393617
15.269845
15.637188
15.477572
16.153998
15.538172
15.868811
16.758379
16.182771
15.729715
16.12295
16.216555
16.168282
15.972454
15.754678
16.140521
16.028702
18.646495
15.560867
15.359989
16.095599
16.00319
16.195926
16.20762
15.740995
16.480753
15.825097
16.445439
15.697759
15.630358
15.466756
15.732138
15.762492
15.464776
15.224316
15.547848
15.874819
15.833131
15.957813
15.935112
16.109481
16.062613
15.791986
18.154201
16.436339
15.820138
15.691115
16.453836
15.723409
15.914751
17.234152
15.483807
15.994729
15.654484
15.658513
15.578903
15.371718
16.011859
15.766007
15.765823
16.735189
15.831616
16.139133
16.022931
16.059627
16.141106
15.840995
15.824136
16.134601
16.0919
16.027809
15.240623
15.795733
15.845047
15.756419
15.483632
15.334138
19.626969
15.552249
16.083388
15.910934
15.904137
15.429861
15.7159
15.599597
16.010128
17.333808
16.315105
15.918814
16.359126
15.997038
15.926528
16.043485
16.647259
15.71411
16.047264
15.617573
15.53804
16.607891
16.152839
15.926556
16.086688
15.850575
16.887541
16.322749
15.863162
16.070058
16.072441
15.512603
15.932806
15.768142
15.861676
16.226523
15.954947
15.622626
15.90909
15.489286
15.583044
15.493555
15.688419
15.744369
15.739359
15.39193
16.169761
15.477445
15.42156
16.034979
15.993572
16.124663
17.436521
15.94514
15.678228
15.855151
16.101962
15.885576
15.781825
16.565329
15.993919
15.779389
16.157918
16.030086
15.854902
16.106994
16.278849
16.323459
16.302913
16.386867
16.166214
16.067783
16.320627
16.056628
19.298213
16.475412
16.115172
15.436219
16.083983
15.812627
16.31178
16.18646
16.230965
16.500271
15.225437
16.210862
16.554127
15.951974
15.982646
15.566728
21.082361
15.995926
15.580465
15.957033
15.637167
17.9614
15.505598
16.041515
15.754873
15.856623
15.889225
15.808286
15.926912
18.953328
15.766032
19.775023
16.076504
16.80734
16.075869
16.033052
16.197843
16.015113
17.287385
16.024518
15.975318
15.799483
15.715904
15.908981
16.131444
16.141897
16.19127
15.704334
15.827055
16.249661
16.148562
16.185949
16.329211
16.364486
16.164283
16.412296
15.846496
15.374035
16.038348
15.633631
15.650123
15.506574
15.523595
15.802355
15.550845
15.954072
15.843859
15.652732
15.866152
16.319189
16.21673
16.881041
16.623476
16.426072
16.731016
16.243224
16.357169
16.220508
15.991923
16.078475
15.898167
16.410383
15.87593
16.326607
15.943814
15.982201
16.309928
15.821734
16.21108
15.955064
15.486731
15.934109
15.974362
16.021778
15.938797
15.892047
15.754538
16.164541
16.515253
15.996303
15.901101
16.355484
16.221142
16.295711
15.989522
18.709629
15.970656
16.118434
15.866961
16.291731
16.242579
15.776552
16.336975
16.127325
16.198615
15.738138
15.974931
15.902645
16.039925
16.487193
16.408459
16.297621
16.409947
15.887466
18.471589
15.980828
15.703688
15.897948
16.666833
15.916782
15.797735
16.406997
15.645166
15.719849
19.144573
16.051802
15.984445
15.575222
16.335111
15.900939
16.035056
20.299401
16.156928
16.333242
16.416253
15.905747
15.894649
15.749125
15.884739
15.598458
15.795422
15.903655
15.387245
15.920486
15.594712
15.592238
15.655126
15.726038
15.417263
16.069483
16.373634
16.211933
15.890094
16.10863
15.77351
16.605553
15.88935
16.258793
16.005861
15.826626
15.738845
15.814975
15.859833
16.714652
16.300609
16.39293
16.540191
15.97153
15.828852
15.639028
16.245232
16.165361
15.84313
15.920194
18.372691
16.381441
16.104467
16.467134
16.274943
15.979373
16.136599
16.259527
15.673428
15.848687
16.398992
16.110372
15.332966
16.115452
15.920115
15.774293
17.159888
16.492844
16.44906
16.242578
16.368482
15.84244
15.726295
16.26153
15.971726
15.928726
15.775963
15.539947
15.901929
15.587173
15.362509
15.828481
15.699299
15.893061
15.687792
15.89078
16.027763
16.313524
16.025612
16.152202
15.761424
16.184429
16.153165
18.441908
16.060807
16.2366
15.917629
16.139181
16.215919
15.811241
15.89015
16.566535
16.918125
17.321619
15.755552
16.01435
15.744254
16.487927
16.314404
16.691397
20.126277
15.649566
15.756553
15.723015
15.679794
15.93072
16.156044
15.831524
15.563535
15.794855
15.566277
16.066077
16.752875
16.083921
16.346797
15.915164
16.285824
16.182683
15.913707
16.346918
15.62745
15.79656
15.917341
16.269026
19.781994
16.161647
18.429617
15.43446
15.863284
15.460782
17.392821
17.095858
16.353524
16.04109
15.439067
15.80032
19.334853
15.81712
15.820848
16.247146
16.14709
16.099684
16.065746
21.038092
16.109682
15.924207
15.470702
15.657295
15.95545
15.686527
15.567961
15.428987
15.840333
15.960444
15.510854
15.66757
15.443346
15.818276
15.54851
15.914622
16.028743
22.534145
20.972857
15.159608
16.189896
16.682258
16.273176
15.986559
16.11308
15.979909
15.539409
16.107129
15.835212
15.767454
16.287223
16.257406
15.92805
16.551161
16.32356
16.474992
15.922495
16.480275
16.021719
16.153618
16.114892
16.567486
19.541065
16.715147
16.090883
15.826608
16.588005
15.942795
16.147922
16.107684
15.96581
15.788375
18.356941
15.752139
16.677127
16.109166
16.57671
16.209118
15.83415
19.908445
15.93152
15.741258
16.256293
16.172308
16.003816
16.08361
15.602113
15.454999
15.828715
16.425679
15.731364
15.856474
16.411566
16.144113
15.134138
16.176782
19.605771
15.441657
16.208979
16.400286
15.610399
16.209447
16.394298
15.895354
16.659544
15.790839
15.775965
15.58172
16.176182
15.398702
15.968007
16.201075
16.913045
15.964414
32.842654
15.780439
15.924309
15.871305
16.164711
16.510008
28.06073
15.844063
16.267631
16.156676
16.234816
19.724267
15.837862
16.186762
16.443432
16.427073
16.950169
23.239542
15.650894
15.816606
16.412602
15.63866
15.90691
35.048924
17.395031
15.521305
16.370486
15.944213
15.815409
18.988499
16.393389
15.597752
15.914202
20.422199
22.554829
15.199981
15.222562
16.002266
28.077022
15.995837
15.55709
15.458242
17.256451
15.81197
16.004639
16.058115
25.723226
16.352384
15.880904
15.811073
28.565483
16.149608
16.338703
16.15427
16.671911
16.021419
16.225526
15.836216
21.286707
16.199678
16.1535
15.788534
15.827713
16.020092
16.347436
16.160526
16.065981
21.639135
15.702449
15.564119
16.240985
16.351458
16.218457
16.394471
16.3515
36.807058
16.564083
16.33107
16.257264
21.442315
15.74807
16.243885
31.408937
15.913346
15.675451
15.685158
16.575347
16.205035
16.141498
15.989253
16.063526
22.350921
16.165968
16.085657
16.084055
15.975948
16.167907
16.201944
16.072762
15.592318
16.198512
19.239721
15.9403
15.799961
16.262351
15.969799
16.308434
16.205848
15.913129
16.14525
16.31417
15.833516
15.741955
16.159769
15.511131
16.384954
16.538439
16.236255
20.691851
16.743906
16.321032
16.465129
16.236528
15.973371
16.355918
16.075637
16.430712
15.607616
16.051651
16.460421
16.199009
16.106562
16.240036
15.259563
16.07676
16.610091
15.462734
15.97148
16.407289
15.915249
15.721792
16.20898
15.722543
15.905954
18.621478
16.213527
15.619367
15.707797
15.297249
16.144987
15.901553
17.030979
16.517635
16.203206
16.095587
16.018178
16.244091
15.657747
15.929784
16.392684
16.333121
16.187072
17.092878
15.638537
15.837163
16.315142
15.385365
16.179239
16.757262
15.889963
15.950527
16.156539
15.870556
15.440668
16.105275
16.404695
16.329803
16.329292
16.819666
20.032543
24.899435
20.928585
15.587913
16.268823
16.02066
16.353854
15.879938
15.965908
16.448507
16.905819
15.854631
16.167583
16.116607
16.320997
15.449075
16.508095
16.278495
16.259978
15.851894
16.082221
16.270834
15.627336
15.64665
15.817455
15.716535
17.146173
16.228548
15.901971
16.687513
16.014563
16.026262
16.084532
15.702785
15.914257
16.34326
16.191068
16.068705
16.113333
16.19387
16.304409
17.227673
19.745325
16.167938
16.071594
16.075014
16.20096
16.117204
15.727921
15.72759
16.050432
16.071744
15.856282
16.015664
16.4527
16.666325
16.220218
16.268849
16.035707
19.546001
16.203662
16.307921
16.006922
16.363958
16.198414
16.16674
15.968398
15.831888
15.441835
16.885804
16.179137
16.264553
17.872885
16.317816
16.073703
16.31213
16.408972
16.107962
16.151765
16.14967
15.659222
15.946165
15.977995
16.340058
16.145977
15.91414
16.053881
16.379758
16.134774
18.892256
16.558963
15.814217
16.194983
16.367344
16.227433
16.200803
16.44921
16.262158
16.23902
16.298596
15.655506
15.8268
19.793841
15.906903
16.211116
15.940074
16.131318
16.46625
15.933506
15.953595
16.23856
15.396545
16.700197
15.959507
15.824755
15.997496
16.242458
16.17875
16.212907
21.234444
15.886793
16.119294
16.594633
16.318622
16.341767
16.584368
16.116768
16.068932
16.563286
16.058157
16.21971
16.323613
16.120481
16.422001
16.566247
16.215941
16.509793
16.304388
16.015676
16.471917
16.234726
16.035922
16.034805
16.271018
17.402186
16.276844
16.192844
16.203245
15.694027
15.966409
19.013548
15.64471
15.874191
15.858973
15.804523
17.4809
15.781561
15.943989
16.291013
16.042009
15.556562
14.947203
20.464324
16.059347
16.190955
16.221018
16.399201
16.180392
16.223017
16.186982
16.297879
15.790771
16.348815
16.143641
16.246017
16.147567
16.365832
16.097128
15.855484
20.265874
16.109744
16.184919
15.615591
16.318604
16.050474
16.45392
16.082479
16.171316
16.173572
16.207133
15.469211
15.97897
15.92698
15.853162
16.093868
16.0145
15.958965
16.071894
16.199346
16.077807
15.959976
15.799094
15.531277
16.241497
16.42886
16.816717
16.036578
16.551905
15.989741
16.08212
16.564852
16.019024
16.201795
15.998453
15.90199
16.049661
18.182992
16.257528
15.877207
15.962673
15.863105
16.028585
16.09407
15.790465
15.924389
15.804271
16.439137
16.067517
16.032454
16.386036
16.297614
16.317951
16.30149
16.075071
16.06199
15.684888
16.112834
15.867538
15.920185
16.228765
16.090031
16.700738
16.132781
15.796785
16.110988
15.94399
16.049045
18.488027
16.013939
15.782372
16.135172
16.126279
16.057469
15.823511
15.895941
15.765299
15.661167
15.82358
15.784277
15.660384
16.357348
15.760355
16.255745
16.302151
16.161457
19.426065
16.04613
16.035504
15.976736
15.808115
16.035077
15.893903
15.964843
15.684982
16.517898
16.106664
16.18976
16.402634
16.420304
16.259456
15.46023
15.80782
19.165755
15.770501
16.536475
15.806645
16.173769
16.600278
16.584284
16.210758
16.994389
15.985925
16.227542
16.157067
15.974941
16.05896
16.01774
16.064866
15.51065
16.079253
15.951084
16.08979
16.10269
16.116987
16.158422
15.840901
18.565526
16.437106
16.082481
15.844929
16.336501
15.999783
16.10209
16.005551
15.606247
15.696166
15.816227
15.752156
16.353197
16.163362
16.075046
16.25844
15.955056
16.313391
16.252063
21.287476
16.106557
16.312059
15.643863
15.837816
15.867857
16.543118
15.981787
16.052704
16.853196
15.834305
16.036077
16.678858
16.24679
16.221448
16.082872
16.006176
19.730692
16.207393
16.159261
16.484621
16.167856
16.3705
16.359744
16.271563
16.464367
15.758303
