23.813577
19.592283
20.342239
19.590711
19.480779
22.236009
19.597148
19.483626
19.843845
58.702069
19.637178
37.953742
36.148479
48.705387
37.430532
35.106963
18.709998
19.210096
19.252322
19.283675
19.010592
19.134419
19.393666
19.016573
19.131209
19.372583
18.877389
19.178611
19.254958
19.293972
19.126182
29.224955
19.37711
19.515122
19.073733
19.191077
19.254618
19.477393
19.429416
19.114908
19.352039
19.489591
19.215593
19.413157
32.004918
19.154089
19.154509
19.428992
18.919727
19.414818
19.338645
18.989062
19.112702
19.081964
19.202697
19.287258
21.638308
19.388302
19.486231
19.403124
19.366592
19.152798
19.111659
20.860811
19.436138
19.34171
19.306152
19.272698
19.347839
29.370071
22.652624
19.321423
19.335398
19.465463
19.150894
19.330121
19.43317
18.970786
19.022581
19.157629
18.22836
19.234212
31.668082
19.277723
18.447055
19.297739
19.16527
19.068497
19.556394
19.168201
19.068433
19.119623
19.566237
19.005364
19.876451
19.030912
19.465149
19.457431
19.163922
19.336669
18.567523
19.484449
19.309247
19.329105
19.331906
18.948585
19.547744
31.454639
19.303847
19.19296
18.701789
19.189496
19.3622
19.407247
18.811966
19.151383
19.074463
19.14125
19.062234
19.242365
20.101961
18.870358
19.167006
19.333665
19.306649
19.298902
19.249523
19.39571
19.4518
19.159934
18.731386
19.275773
30.997198
19.235975
19.228656
19.165774
19.409633
19.26482
19.310325
19.638104
19.193411
19.023428
19.361211
19.036668
19.336347
30.519629
19.245787
19.11022
19.110071
18.878543
19.355713
19.016257
19.184725
19.198288
19.231624
19.23659
19.384538
20.386823
19.185778
19.493121
19.196628
20.180218
19.22253
19.281849
19.347889
19.103838
19.083156
18.966702
18.70014
18.900653
31.12836
19.153211
19.480358
19.210219
19.480766
19.677853
19.181129
19.193866
19.619249
18.896603
19.083421
19.348898
19.386224
19.21175
19.351403
19.423707
18.894635
19.092079
18.995868
19.427757
19.137121
19.394442
18.77683
19.207957
19.278774
29.941061
19.533668
19.283239
19.280278
19.469475
19.488845
19.320581
19.13253
19.007225
19.136415
19.354479
19.217514
18.995119
24.555574
19.194216
19.491843
19.373457
18.875301
19.425543
18.755333
19.3807
19.199717
19.210037
19.311303
19.283682
27.693924
19.474451
19.40487
19.31621
19.314145
19.232678
19.354084
19.076069
18.992755
19.414966
19.437939
19.716225
19.135469
32.592497
19.150965
18.903001
19.203246
19.326353
19.15773
19.452679
19.297775
19.366497
19.056482
19.333038
19.614322
19.733508
19.33181
19.410028
19.30998
19.447655
19.31069
19.423994
19.277146
19.140233
19.62474
18.662451
19.188369
19.32469
31.038791
19.15152
19.298693
19.169397
18.835739
19.151174
23.110528
19.397775
19.078117
19.295507
19.313087
19.096597
18.916249
22.964974
19.343872
19.359342
19.558139
19.125787
19.329391
19.244958
19.184242
18.931126
19.197973
19.067013
18.835278
29.222927
19.429816
19.514089
19.417717
19.433032
19.453717
19.324859
19.444394
22.860929
19.38122
19.316074
18.902314
19.048814
34.589469
18.934874
19.498791
19.250354
19.490118
19.473634
19.033802
19.888176
18.997436
18.992195
19.068434
19.421078
18.981847
19.195437
19.247898
18.92114
19.312122
19.252438
18.846118
19.236481
19.283491
19.11719
18.730574
19.257496
19.342647
30.464306
19.404107
18.998925
19.083968
19.295213
19.054599
19.25295
19.204891
19.384947
19.088747
19.688971
18.980729
19.008509
20.849824
19.071957
19.243353
19.308403
19.213149
19.072971
19.361356
19.233333
19.241536
19.231552
18.971327
19.133682
30.170418
30.654256
19.059509
19.292705
19.494768
19.362218
19.359687
19.335495
19.280672
19.50588
19.285884
19.14624
19.254709
29.760556
19.098638
19.338018
19.222955
19.503674
19.163224
19.215777
19.23627
19.4946
18.991708
19.184753
19.185516
19.246166
19.103308
19.285653
19.127653
19.227896
19.11081
19.430592
18.757251
19.415542
18.956644
19.051978
19.070457
19.295319
29.191442
20.565565
19.228861
18.900369
19.16152
19.473284
19.216131
19.157516
19.0843
18.929982
19.458547
19.090175
19.240979
23.083822
19.127998
19.273326
18.866463
19.393239
19.153446
19.122205
18.961634
19.081661
18.896144
18.946799
18.956044
29.259354
19.4061
19.371129
19.42343
19.2439
18.912608
19.184802
19.246916
18.693851
19.172162
18.933458
19.03698
19.1144
31.604284
19.2166
19.443101
19.390029
19.170183
18.970293
18.747666
18.886254
19.242721
18.930922
18.858208
19.076411
19.40363
19.147864
19.256777
18.878133
19.26406
19.2798
19.113513
18.848178
19.216113
19.235261
19.492642
19.158296
18.993953
29.73307
19.905335
19.384283
19.4314
19.240961
19.454268
19.371138
19.424553
19.468857
18.562476
18.856637
19.205709
19.110438
19.273306
19.199072
19.18331
19.231976
18.949007
19.445911
18.765651
19.341773
19.06479
19.139737
19.460081
18.720316
19.177665
19.202022
19.293943
19.160484
19.132114
19.38595
19.29612
19.17945
18.983989
19.584316
19.122013
19.015538
19.212608
19.030714
18.911314
19.262943
19.256635
19.283229
19.427156
19.103199
19.046168
19.115111
19.331486
19.137615
19.595658
29.10945
19.270789
19.360798
19.236548
19.406254
20.281856
19.383621
19.500056
19.153749
19.426879
19.12699
19.291647
19.239115
21.87923
19.803386
19.355942
19.334535
18.756699
19.119267
19.183198
19.27437
19.19661
18.973118
19.178872
19.28315
27.866512
18.92977
19.339989
18.930615
19.130305
19.12028
19.263605
19.316502
18.813432
19.642394
19.161912
18.625432
18.941039
26.278895
18.809506
19.168398
19.435813
19.547317
19.084219
18.983316
19.199322
19.444213
19.160536
19.458383
18.885104
25.347785
19.60204
19.21097
19.175028
19.147903
19.053013
19.248488
19.21502
19.127318
19.569077
19.219343
19.196062
19.419408
33.525704
19.189392
19.252064
19.335844
19.489594
19.343297
19.315152
19.519368
19.348659
19.097535
19.016
19.1738
19.546296
19.055313
19.332805
19.01423
19.051703
19.248762
19.19451
18.942096
19.248367
19.299738
19.231936
19.116202
19.364939
28.978421
19.626127
19.525689
19.531903
19.28051
19.128839
19.1238
19.294547
19.52249
19.418775
19.447806
17.920412
18.881062
22.344444
19.703946
19.628707
19.315159
19.058286
19.174299
19.12866
19.411157
19.303871
19.37631
19.13766
19.114875
33.673988
19.488207
19.379506
19.358445
19.318156
19.322613
19.233072
19.227346
19.294786
19.465612
19.355497
19.361277
18.33908
30.809505
19.463624
19.482668
19.5913
19.521679
19.452081
19.470868
19.158165
19.418082
19.260692
18.739884
19.283518
19.372948
19.620381
19.392574
19.357116
18.939643
19.52474
21.83571
18.458779
19.056618
19.362547
19.499113
20.122967
19.330457
33.970691
19.323613
18.842864
19.269595
19.105103
19.339429
19.164858
19.229681
18.996517
19.53061
19.339096
19.631588
18.79301
33.576909
19.251608
19.518003
19.318525
19.504886
19.203348
19.664623
19.235726
19.345229
19.567853
19.557044
19.422092
19.697228
19.558174
19.612335
19.312096
19.335118
19.178486
18.399897
18.811382
19.272541
19.324791
19.214858
19.30402
19.220786
31.533718
19.795045
19.225049
19.383346
19.263967
19.49206
19.521763
19.391669
19.361375
19.448518
19.394822
19.468204
19.218392
23.751375
19.686618
19.611074
19.450018
19.633379
19.280334
19.513813
19.272078
19.096132
19.520803
19.419914
19.528097
27.648603
19.449915
19.369254
19.312747
19.061605
19.484161
19.432946
19.529905
19.457394
19.719108
19.530024
18.835458
18.858646
30.467135
19.332485
19.5281
19.665381
19.317593
18.999059
19.395338
19.231087
19.301461
20.225786
19.254099
19.258596
19.20425
19.228884
19.063021
19.410338
19.190857
18.926264
19.395005
19.298527
19.002961
19.445377
19.301687
18.97827
19.342047
30.192998
19.616522
19.120356
19.200339
19.22924
19.29478
19.428719
19.501392
19.502212
19.422835
18.649493
19.594159
19.28847
21.778334
19.457436
19.661502
19.522314
19.354305
19.443931
19.32566
19.551156
19.242813
19.397341
19.491594
19.323868
29.631093
19.210664
19.465411
19.615115
19.089902
19.44444
19.301253
19.567832
19.061628
19.363559
19.258106
19.375298
19.430182
30.873566
19.144658
18.872399
19.526004
19.460856
19.117252
18.785888
19.229157
19.378706
19.513401
19.593803
19.465755
19.847147
19.267033
19.172809
19.106377
19.124421
19.132437
19.821434
19.373096
19.239146
19.208299
19.334498
19.117643
19.150105
30.062934
19.26136
19.13577
19.200526
19.281215
19.243302
19.273856
19.328452
19.307598
18.924127
19.191613
19.428624
19.554604
19.903923
19.802619
19.360733
19.298604
19.204152
18.966329
19.475167
18.957283
19.011572
19.279162
19.139971
19.446155
32.120451
19.418597
19.507883
19.332586
19.521511
19.215258
19.248405
19.152763
19.157753
19.20294
19.48052
19.658895
19.382796
28.97692
19.273158
18.870353
18.932349
19.375219
19.296702
19.40121
19.236614
19.162228
19.184224
19.350102
18.907536
21.624095
19.414075
19.322879
19.469943
19.320532
19.268475
19.286554
19.207513
19.038468
19.365809
19.586851
18.974269
19.118798
29.816388
19.113598
18.985547
19.356018
19.546022
19.206248
19.463197
19.49692
18.923847
19.267763
19.304283
19.373734
19.462261
19.467808
19.479176
19.159598
19.283588
19.431515
19.360508
19.246141
19.319662
19.353498
19.17318
19.244158
19.293945
27.715678
19.368438
19.532401
19.246295
19.377403
19.443633
19.076944
19.028457
19.263499
19.241415
19.424522
19.272326
19.131524
24.297384
19.411614
19.16278
19.355615
18.639505
19.136793
19.34896
19.188147
19.049558
19.148083
19.462586
18.74554
27.234681
19.283373
19.207737
19.234272
19.461947
19.148073
19.252395
19.110902
19.072272
19.307351
19.179377
19.400355
19.42921
30.631051
19.059473
19.217947
19.243089
19.399705
19.725777
19.378569
19.443853
19.298924
19.346255
19.160827
19.155371
20.18962
19.404105
19.449339
19.203954
20.30045
19.10012
19.332979
19.168283
19.039712
18.983979
18.993312
19.041127
19.077384
29.293742
19.259932
19.144727
19.324488
19.135453
19.165784
19.082875
19.163673
18.78608
19.071715
19.096531
19.279399
18.927618
18.900789
19.433155
19.527139
19.212815
19.164972
19.063983
19.223357
19.104005
18.38543
19.125951
19.21702
18.8438
31.021482
19.503616
19.542255
19.45717
19.539545
19.425577
19.449467
19.229923
18.888562
19.291366
19.275211
19.160321
19.186885
22.850077
19.229952
19.364423
19.033693
19.147983
19.091128
18.958396
19.284874
19.273958
19.214609
19.016113
19.451012
33.128509
19.498453
19.342498
19.394332
19.300072
18.897021
19.55547
19.315078
19.2621
19.324743
19.135933
19.587924
19.160296
29.428977
19.656263
20.242149
19.053008
19.016489
19.33005
19.44561
19.282944
19.370882
19.405115
19.276365
19.128324
19.67263
19.044781
19.234441
18.851463
19.204475
19.176965
19.462089
19.210362
19.160891
19.309094
19.180598
19.396497
19.078226
30.13466
19.547764
20.217468
19.243354
19.292896
19.414543
19.300366
19.274539
19.419446
20.41732
19.063753
19.328673
19.267212
19.712862
19.260323
19.254407
18.954138
19.461776
19.374848
19.237691
19.577413
19.426503
19.474659
19.14795
19.118328
31.048931
19.36531
19.226834
19.203323
19.142552
19.234786
19.414117
19.415994
19.297713
19.580882
19.032947
19.194206
19.114132
29.622127
19.322967
19.657575
19.194835
19.374904
19.286795
18.995346
19.50748
18.531551
19.297757
19.112437
19.354865
22.079304
19.501581
19.387417
19.238983
19.494525
19.399026
20.208899
19.210291
20.00419
19.033606
19.103985
19.320106
19.409523
31.576675
19.249918
19.537645
19.426939
19.227657
19.426831
19.521199
19.33112
18.912879
18.598151
19.40908
19.036172
19.368469
19.348544
19.232665
19.427012
19.244309
19.608119
19.352521
19.378105
19.343834
19.439172
19.631824
18.898335
18.946482
38.372444
19.521034
19.397408
19.627101
19.261919
19.410334
19.156879
19.255167
19.296339
19.589955
19.292044
19.429877
19.375621
31.055098
18.957587
18.905503
19.276425
18.926888
19.165502
19.328408
19.205471
19.119319
19.206679
19.525904
18.970325
22.706719
19.035622
19.052797
19.517939
19.443582
18.662612
19.020852
19.056783
19.590741
19.001912
19.37007
19.368733
19.466753
33.234823
19.12373
19.392269
19.410246
19.276609
18.786365
19.793694
19.281534
19.145998
19.171612
19.224109
19.578365
19.185212
20.713497
18.930417
19.322868
19.498895
19.124009
19.344833
18.728937
19.282373
19.620532
19.215732
19.138549
19.203378
33.87003
18.887321
19.460992
19.300801
19.365962
19.254528
19.119953
19.363509
19.516343
19.37958
19.257414
19.142146
19.408821
35.273459
18.987314
19.319126
19.244757
19.398683
19.201977
19.272362
18.934126
18.936299
18.998258
19.144148
19.367716
19.562576
19.465149
19.266459
19.310922
19.484113
19.180051
19.541758
18.936292
19.387165
18.909384
18.985085
19.395209
19.218338
30.898647
19.487526
19.265959
19.156157
19.113116
19.5294
19.406373
19.206352
19.144051
19.366328
19.173469
19.323964
19.250909
26.26298
19.297599
19.284887
19.284643
19.541114
19.406761
19.572387
18.983923
19.3201
19.327917
19.293118
19.237987
27.386627
19.409148
19.381592
18.059548
19.26129
19.066291
19.53853
19.41247
19.334082
19.286785
19.152696
19.52467
20.031964
32.860469
18.866424
19.355728
19.366429
19.294992
19.258744
19.511374
19.526207
19.324952
19.221172
19.698799
19.167881
19.183051
18.833837
19.237811
18.786702
19.087404
19.315725
19.035903
19.323991
18.956268
18.786192
23.037157
19.529008
19.187913
35.01466
19.271447
19.042994
19.156449
19.098801
19.370406
19.193834
19.534328
19.181145
19.501157
19.448305
19.056255
19.180255
26.834881
19.411416
19.348889
19.634115
19.496933
21.136763
19.417732
19.101662
18.995587
19.243179
18.488878
19.083285
22.606235
19.124943
19.359954
19.194279
19.268108
19.344516
19.271639
19.279124
19.145016
19.614645
18.992
19.335564
19.545356
30.937337
19.086655
19.738031
19.618223
19.448894
19.535148
18.926262
19.392312
19.555377
19.340651
19.197505
19.191814
19.41645
20.280026
19.176057
21.572551
19.289168
19.259599
18.449874
19.213138
18.853452
18.936787
19.930548
19.188636
18.780831
32.469726
19.428178
19.361847
19.271378
19.116682
19.266854
19.521675
19.564076
19.534515
19.142549
19.129096
19.368087
19.331915
28.830367
19.621409
19.117521
19.151529
19.266025
19.185923
19.4526
18.814168
19.330194
19.37027
19.152453
19.453524
20.387646
19.147711
19.241879
19.002664
19.311085
19.219584
19.285443
19.648731
18.957061
19.55614
19.232495
19.256538
19.221979
31.946071
19.161713
19.443378
19.375673
19.249379
19.338805
19.474486
19.543026
19.013125
19.218105
19.338061
19.239085
19.446883
20.27983
19.412446
20.284421
19.849065
19.54455
18.901347
19.365781
19.492742
19.138799
19.299582
19.39453
19.257211
31.27194
19.488451
19.319858
19.348121
18.76678
19.057951
19.410768
19.45792
19.458188
19.141555
19.196204
19.431906
18.620034
27.805188
19.194464
19.3063
19.298428
19.207156
19.277705
19.22838
19.453242
19.108498
19.428025
19.151394
19.092482
21.843084
19.315667
19.320445
19.397641
19.431851
19.272556
19.481867
19.202472
19.473752
19.402563
19.27801
19.307597
19.433513
36.165385
18.92516
19.38199
19.144898
19.253249
19.357463
19.307805
19.105541
19.197412
19.254577
19.273441
19.161776
19.375509
20.119799
19.47904
19.258505
19.511721
19.310274
19.604556
19.294738
19.23111
19.288353
19.31295
19.173094
19.335569
33.079825
19.64892
19.350258
19.399506
19.365486
19.320847
19.350908
19.296174
19.437696
19.08488
19.273319
18.992767
19.602204
30.376158
19.555091
28.474713
19.973905
19.373091
19.147924
18.968021
19.48167
19.53601
19.385078
19.44578
19.469239
19.299727
20.936736
19.994023
19.400522
19.305094
19.642717
19.293942
19.310162
19.682031
19.545284
19.168071
19.455044
19.520808
34.26298
19.267904
19.409468
19.058887
19.125605
19.343401
19.436448
19.368628
19.393943
19.39122
19.137952
19.174515
19.572075
30.944428
19.269229
19.355869
19.199856
19.568388
18.949209
19.023553
18.98543
19.233887
19.357735
19.320284
19.078837
19.824427
19.232301
19.176546
18.831552
19.259928
19.22396
19.260349
19.244174
19.400625
19.200281
19.043877
19.292399
19.692919
31.247504
19.461578
19.16396
19.43341
19.624442
19.472343
19.575177
19.196125
20.161363
19.033749
19.356106
19.490276
19.430901
19.332785
19.724345
19.409277
19.295933
19.500757
19.317929
19.538371
19.012661
19.499172
19.329168
20.300656
19.283544
36.28681
19.045978
19.203767
19.131067
23.170641
19.415552
19.55278
19.594296
19.402635
19.506415
19.351255
19.486068
19.220241
31.66497
19.186638
19.326715
19.318684
19.466623
18.731213
19.388942
19.462452
19.32746
19.415987
18.661635
19.303536
19.57624
19.400752
19.415747
19.248074
19.465408
18.731699
19.595752
19.366653
19.519255
19.265492
19.190075
19.500656
19.308145
31.214934
19.537431
19.436611
19.301196
19.639889
19.611513
19.407498
19.096055
19.005427
19.11574
19.457558
19.513468
19.336388
21.51278
19.581046
19.3087
19.271461
19.465126
19.14717
19.205385
19.55967
19.28751
19.526095
19.468404
19.294686
31.436071
19.603785
19.069363
19.36664
19.139519
19.144808
19.566225
19.044371
19.190233
19.271999
19.486636
19.006227
19.449817
34.64663
19.336241
19.788039
19.362411
19.528665
19.350084
19.428367
19.593698
19.540934
19.117906
19.201952
19.329005
19.339593
19.177079
19.706852
19.362118
19.310401
19.260294
19.624446
19.177363
19.539181
19.520958
19.524586
19.561531
19.402951
32.416604
18.814281
19.029038
19.318196
19.379148
19.403962
19.444487
19.74393
19.29127
18.935747
19.391667
19.273573
19.319875
28.985866
19.530012
19.031077
19.336065
19.448951
19.51832
19.039076
19.337307
19.255176
19.29305
19.40313
19.171773
20.346335
19.253708
20.07431
19.596345
19.436677
19.35819
19.586585
19.361772
19.316193
19.306025
19.610296
19.425061
19.863764
32.009868
19.205941
19.265572
19.350702
19.18774
19.339229
19.398197
19.175687
19.290467
19.829728
19.562673
19.546566
19.237817
24.335449
19.798996
19.560441
19.241508
19.067394
19.359752
19.121328
20.211288
19.114444
19.151038
19.443556
19.476583
29.526561
19.371554
19.582869
19.479213
19.369099
20.255372
19.602578
19.26913
18.798697
18.690348
19.350303
19.451437
19.3653
38.173006
19.916202
19.433507
20.394221
19.370543
19.721876
20.365666
19.470013
19.298393
19.464399
19.361297
19.338646
19.240196
26.42685
19.948323
19.442889
19.605606
19.696491
19.242088
19.489059
19.31129
19.366773
19.471574
19.338713
19.468558
23.038564
19.210557
19.284242
19.452152
19.184759
19.370034
19.47456
19.118583
19.403917
19.402495
19.236545
19.232185
19.496729
31.304109
19.373967
19.297673
19.170599
19.272945
18.982719
19.149677
19.287084
19.193256
19.15021
19.345167
19.56765
19.264622
19.381665
19.322539
19.342072
19.515845
19.533081
19.240602
19.447019
19.395972
19.275401
19.374487
19.201629
19.555548
31.409661
19.426316
19.500342
19.598296
19.296566
19.57222
19.424543
19.29811
19.59191
19.088773
19.1119
19.296841
19.328963
30.372245
19.08458
19.396467
18.90155
19.576226
19.325508
19.292279
19.338923
19.945089
19.357307
19.067481
19.212031
24.454318
19.364298
19.442671
19.170346
19.608685
19.320029
19.196519
19.730932
19.065177
19.200203
19.219187
19.360859
19.364105
33.028846
19.511787
19.430307
19.467006
19.220808
18.968459
19.26048
19.076612
19.17562
19.370228
19.515978
19.442264
19.203253
19.867304
19.597747
19.534233
19.305791
19.412272
18.613668
19.254225
18.925909
18.989113
19.534907
22.559795
19.287876
28.931493
19.305861
19.441805
19.464895
19.379092
19.623666
19.337015
19.72235
19.641651
19.349576
19.392991
19.227258
19.27597
20.24757
19.40338
19.455327
19.313296
19.18543
19.630163
19.510774
19.366427
19.442672
19.147643
19.210321
19.429127
23.564417
19.293164
19.334024
19.286365
19.450324
19.382202
19.308938
19.189386
19.303471
19.164388
19.516892
19.368187
19.467348
32.057161
19.056824
19.447252
19.406525
19.295725
19.442261
